20100102	345
20100103	369
20100104	2594
20100105	949
20100106	1403
20100107	2169
20100108	2292
20100109	333
20100110	251
20100111	2685
20100112	3006
20100113	2741
20100114	2583
20100115	2450
20100116	309
20100117	246
20100118	3117
20100119	3598
20100120	3517
20100121	2382
20100122	2584
20100123	390
20100124	227
20100125	3088
20100126	3117
20100127	2821
20100128	2842
20100129	2395
20100130	419
20100131	377
20100201	2959
20100202	2911
20100203	2584
20100204	2633
20100205	2457
20100206	369
20100207	279
20100208	3264
20100209	3458
20100210	2805
20100211	2859
20100212	2550
20100213	429
20100214	289
20100215	3019
20100216	2643
20100217	2510
20100218	2441
20100219	2079
20100220	443
20100221	268
20100222	2965
20100223	2908
20100224	2820
20100225	3137
20100226	2511
20100227	414
20100228	285
20100301	3313
20100302	3063
20100303	2824
20100304	2984
20100305	2606
20100306	471
20100307	401
20100308	2971
20100309	2966
20100310	2956
20100311	2989
20100312	2390
20100313	403
20100314	317
20100315	3082
20100316	2952
20100317	3119
20100318	2846
20100319	2528
20100320	523
20100321	267
20100322	2993
20100323	3072
20100324	3145
20100325	2907
20100326	2335
20100327	410
20100328	350
20100329	2955
20100330	5948
20100331	6314
20100401	2555
20100402	383
20100403	432
20100404	340
20100405	349
20100406	2684
20100407	2617
20100408	2438
20100409	2206
20100410	476
20100411	288
20100412	2925
20100413	2932
20100414	2926
20100415	2632
20100416	2323
20100417	482
20100418	335
20100419	2946
20100420	2940
20100421	2855
20100422	2803
20100423	2402
20100424	485
20100425	378
20100426	2940
20100427	2930
20100428	2969
20100429	2617
20100430	2584
20100501	437
20100502	339
20100503	352
20100504	3163
20100505	2833
20100506	2864
20100507	2509
20100508	423
20100509	314
20100510	3117
20100511	2898
20100512	3128
20100513	2866
20100514	2578
20100515	457
20100516	342
20100517	3117
20100518	3069
20100519	2969
20100520	2696
20100521	2473
20100522	465
20100523	316
20100524	3142
20100525	3018
20100526	2816
20100527	2869
20100528	2472
20100529	400
20100530	318
20100531	320
20100601	2888
20100602	2797
20100603	2955
20100604	2770
20100605	468
20100606	364
20100607	3017
20100608	2725
20100609	2950
20100610	2831
20100611	2438
20100612	450
20100613	351
20100614	3085
20100615	2905
20100616	2932
20100617	2951
20100618	2461
20100619	496
20100620	324
20100621	3019
20100622	3071
20100623	2689
20100624	3076
20100625	2361
20100626	557
20100627	313
20100628	3248
20100629	3045
20100630	3001
20100701	3180
20100702	2513
20100703	499
20100704	339
20100705	3007
20100706	3072
20100707	3259
20100708	3208
20100709	2678
20100710	381
20100711	309
20100712	3091
20100713	3104
20100714	3088
20100715	2702
20100716	2591
20100717	461
20100718	303
20100719	3190
20100720	2905
20100721	2915
20100722	2776
20100723	2468
20100724	406
20100725	338
20100726	2948
20100727	2939
20100728	2891
20100729	2691
20100730	2387
20100731	486
20100801	370
20100802	3021
20100803	2988
20100804	2778
20100805	3188
20100806	2487
20100807	425
20100808	375
20100809	2778
20100810	2957
20100811	2973
20100812	2721
20100813	2449
20100814	465
20100815	322
20100816	2866
20100817	2888
20100818	2693
20100819	2801
20100820	2546
20100821	385
20100822	319
20100823	2862
20100824	2748
20100825	2768
20100826	2644
20100827	2474
20100828	337
20100829	283
20100830	390
20100831	3823
20100901	3939
20100902	2755
20100903	2598
20100904	428
20100905	354
20100906	2981
20100907	2997
20100908	2886
20100909	2955
20100910	2478
20100911	447
20100912	347
20100913	3008
20100914	3152
20100915	2824
20100916	3269
20100917	2566
20100918	420
20100919	340
20100920	3375
20100921	3663
20100922	2687
20100923	2769
20100924	2749
20100925	409
20100926	283
20100927	3225
20100928	3319
20100929	3235
20100930	4329
20101001	2727
20101002	519
20101003	377
20101004	3434
20101005	3342
20101006	2802
20101007	3009
20101008	2817
20101009	593
20101010	326
20101011	3460
20101012	3324
20101013	3143
20101014	2904
20101015	2834
20101016	576
20101017	295
20101018	3307
20101019	3257
20101020	2901
20101021	4296
20101022	2696
20101023	394
20101024	323
20101025	3044
20101026	4000
20101027	3076
20101028	2970
20101029	2567
20101030	635
20101031	454
20101101	3376
20101102	3101
20101103	3573
20101104	3391
20101105	2849
20101106	441
20101107	324
20101108	3333
20101109	3394
20101110	3079
20101111	3055
20101112	3155
20101113	427
20101114	330
20101115	3443
20101116	3264
20101117	2939
20101118	3198
20101119	2746
20101120	463
20101121	379
20101122	3249
20101123	3374
20101124	3232
20101125	2903
20101126	2556
20101127	518
20101128	323
20101129	3306
20101130	3202
20101201	3333
20101202	3141
20101203	2868
20101204	486
20101205	378
20101206	3483
20101207	3402
20101208	2954
20101209	3093
20101210	3228
20101211	457
20101212	474
20101213	3390
20101214	3535
20101215	3054
20101216	3207
20101217	3003
20101218	515
20101219	419
20101220	3201
20101221	3081
20101222	2890
20101223	2755
20101224	1653
20101225	207
20101226	379
20101227	462
20101228	529
20101229	2266
20101230	2320
20101231	1617
20110101	682
20110102	446
20110103	507
20110104	3443
20110105	3526
20110106	3548
20110107	2876
20110108	499
20110109	289
20110110	3745
20110111	3286
20110112	3062
20110113	3106
20110114	2886
20110115	484
20110116	328
20110117	3924
20110118	3394
20110119	3108
20110120	3152
20110121	2814
20110122	461
20110123	390
20110124	3710
20110125	3374
20110126	3112
20110127	3018
20110128	2894
20110129	509
20110130	341
20110131	3664
20110201	3568
20110202	3347
20110203	3564
20110204	3209
20110205	521
20110206	396
20110207	3733
20110208	3718
20110209	3177
20110210	3390
20110211	2883
20110212	530
20110213	380
20110214	7825
20110215	3796
20110216	3251
20110217	3232
20110218	2799
20110219	438
20110220	338
20110221	4089
20110222	3274
20110223	2991
20110224	2980
20110225	2625
20110226	484
20110227	354
20110228	3352
20110301	3545
20110302	3032
20110303	3458
20110304	3262
20110305	543
20110306	367
20110307	4197
20110308	3650
20110309	3492
20110310	3374
20110311	3168
20110312	461
20110313	422
20110314	3643
20110315	4750
20110316	3299
20110317	2947
20110318	2791
20110319	559
20110320	425
20110321	3525
20110322	3809
20110323	3153
20110324	3248
20110325	2715
20110326	527
20110327	377
20110328	3358
20110329	3526
20110330	2738
20110331	5058
20110401	2913
20110402	540
20110403	349
20110404	3368
20110405	3518
20110406	3297
20110407	3244
20110408	3011
20110409	500
20110410	386
20110411	3297
20110412	3302
20110413	3028
20110414	3279
20110415	2733
20110416	539
20110417	372
20110418	3268
20110419	3248
20110420	3069
20110421	3099
20110422	374
20110423	451
20110424	341
20110425	364
20110426	3215
20110427	3118
20110428	2911
20110429	494
20110430	497
20110501	1137
20110502	495
20110503	3324
20110504	3648
20110505	3353
20110506	3010
20110507	538
20110508	361
20110509	3682
20110510	3244
20110511	3145
20110512	3408
20110513	2898
20110514	455
20110515	333
20110516	3611
20110517	3300
20110518	3449
20110519	3146
20110520	2741
20110521	537
20110522	369
20110523	3405
20110524	3372
20110525	3430
20110526	3252
20110527	3543
20110528	415
20110529	376
20110530	448
20110531	3189
20110601	3055
20110602	3184
20110603	2705
20110604	628
20110605	337
20110606	3573
20110607	3519
20110608	3263
20110609	3250
20110610	2904
20110611	428
20110612	319
20110613	3527
20110614	3343
20110615	2966
20110616	2964
20110617	2721
20110618	558
20110619	315
20110620	3419
20110621	3220
20110622	2987
20110623	2935
20110624	2801
20110625	461
20110626	313
20110627	3473
20110628	3107
20110629	3009
20110630	2932
20110701	2810
20110702	619
20110703	340
20110704	3463
20110705	3708
20110706	3201
20110707	3368
20110708	2969
20110709	505
20110710	376
20110711	3205
20110712	3189
20110713	3293
20110714	2978
20110715	2819
20110716	444
20110717	300
20110718	3362
20110719	3231
20110720	3097
20110721	2888
20110722	2640
20110723	388
20110724	310
20110725	3102
20110726	3125
20110727	3065
20110728	2888
20110729	2543
20110730	387
20110731	307
20110801	3169
20110802	3543
20110803	3414
20110804	4059
20110805	2622
20110806	693
20110807	303
20110808	3134
20110809	3005
20110810	3178
20110811	3008
20110812	2634
20110813	524
20110814	350
20110815	3383
20110816	3208
20110817	3069
20110818	2799
20110819	2702
20110820	467
20110821	299
20110822	3067
20110823	2993
20110824	2895
20110825	4970
20110826	2525
20110827	408
20110828	324
20110829	324
20110830	3849
20110831	3049
20110901	2842
20110902	2986
20110903	501
20110904	321
20110905	4996
20110906	3332
20110907	3085
20110908	3264
20110909	3070
20110910	509
20110911	396
20110912	3530
20110913	3468
20110914	3267
20110915	3163
20110916	3017
20110917	606
20110918	362
20110919	3519
20110920	3405
20110921	3502
20110922	3283
20110923	2873
20110924	494
20110925	371
20110926	3397
20110927	3359
20110928	4338
20110929	3153
20110930	2920
20111001	604
20111002	398
20111003	3457
20111004	3637
20111005	3381
20111006	3446
20111007	3161
20111008	553
20111009	339
20111010	3934
20111011	3634
20111012	3433
20111013	3257
20111014	3081
20111015	486
20111016	273
20111017	3512
20111018	3626
20111019	3384
20111020	3237
20111021	2943
20111022	445
20111023	367
20111024	3140
20111025	3226
20111026	2995
20111027	2876
20111028	2521
20111029	550
20111030	356
20111031	3315
20111101	3624
20111102	3788
20111103	4129
20111104	3094
20111105	571
20111106	380
20111107	3711
20111108	3491
20111109	3714
20111110	3498
20111111	3003
20111112	870
20111113	381
20111114	3810
20111115	3907
20111116	3651
20111117	3461
20111118	3043
20111119	548
20111120	409
20111121	4211
20111122	3530
20111123	3328
20111124	3438
20111125	2970
20111126	587
20111127	356
20111128	3458
20111129	3538
20111130	2787
20111201	3252
20111202	4363
20111203	610
20111204	324
20111205	3535
20111206	4156
20111207	3199
20111208	3358
20111209	3011
20111210	553
20111211	377
20111212	3808
20111213	4029
20111214	3231
20111215	3150
20111216	2776
20111217	488
20111218	350
20111219	3440
20111220	3467
20111221	3005
20111222	3098
20111223	2545
20111224	321
20111225	219
20111226	321
20111227	438
20111228	2400
20111229	2339
20111230	2152
20111231	379
20120101	504
20120102	436
20120103	3134
20120104	3734
20120105	4250
20120106	3153
20120107	581
20120108	359
20120109	3971
20120110	3839
20120111	4312
20120112	3428
20120113	3043
20120114	559
20120115	282
20120116	4442
20120117	3644
20120118	5081
20120119	3679
20120120	2972
20120121	520
20120122	323
20120123	3880
20120124	3939
20120125	3547
20120126	3823
20120127	3190
20120128	553
20120129	397
20120130	4015
20120131	3888
20120201	3850
20120202	3670
20120203	3253
20120204	548
20120205	347
20120206	3666
20120207	3967
20120208	3788
20120209	3663
20120210	3419
20120211	546
20120212	402
20120213	4171
20120214	3581
20120215	3404
20120216	3346
20120217	3171
20120218	620
20120219	367
20120220	3620
20120221	3763
20120222	3521
20120223	3389
20120224	3211
20120225	616
20120226	358
20120227	3732
20120228	3712
20120229	3873
20120301	3668
20120302	3430
20120303	592
20120304	356
20120305	4042
20120306	4083
20120307	3914
20120308	4320
20120309	3353
20120310	593
20120311	400
20120312	3941
20120313	3881
20120314	3605
20120315	3608
20120316	3312
20120317	542
20120318	408
20120319	3814
20120320	4023
20120321	3593
20120322	3491
20120323	3033
20120324	532
20120325	404
20120326	3640
20120327	3574
20120328	3255
20120329	3498
20120330	3078
20120331	462
20120401	454
20120402	3482
20120403	3584
20120404	3685
20120405	3498
20120406	529
20120407	506
20120408	333
20120409	428
20120410	3624
20120411	3620
20120412	3497
20120413	3053
20120414	576
20120415	364
20120416	3977
20120417	3862
20120418	4065
20120419	3579
20120420	3187
20120421	549
20120422	367
20120423	3945
20120424	4101
20120425	3967
20120426	3278
20120427	3727
20120428	481
20120429	358
20120430	3798
20120501	3891
20120502	3658
20120503	3637
20120504	3564
20120505	525
20120506	341
20120507	571
20120508	3999
20120509	3640
20120510	3387
20120511	3319
20120512	625
20120513	324
20120514	3562
20120515	4699
20120516	3688
20120517	3505
20120518	3351
20120519	525
20120520	381
20120521	3876
20120522	3860
20120523	3763
20120524	3443
20120525	3441
20120526	472
20120527	352
20120528	3744
20120529	3635
20120530	3598
20120531	3252
20120601	3493
20120602	520
20120603	381
20120604	415
20120605	550
20120606	3464
20120607	3746
20120608	3407
20120609	617
20120610	369
20120611	3820
20120612	4826
20120613	4276
20120614	3905
20120615	3395
20120616	459
20120617	318
20120618	4350
20120619	4122
20120620	4181
20120621	3777
20120622	3400
20120623	531
20120624	352
20120625	4005
20120626	3931
20120627	4050
20120628	3710
20120629	3245
20120630	677
20120701	439
20120702	8271
20120703	5610
20120704	4010
20120705	3707
20120706	3494
20120707	473
20120708	412
20120709	7507
20120710	8831
20120711	9023
20120712	6111
20120713	3357
20120714	499
20120715	375
20120716	3938
20120717	11626
20120718	8288
20120719	3659
20120720	9073
20120721	494
20120722	398
20120723	6307
20120724	3805
20120725	3357
20120726	3811
20120727	4362
20120728	561
20120729	378
20120730	3978
20120731	5311
20120801	5475
20120802	9570
20120803	4154
20120804	494
20120805	349
20120806	3849
20120807	3768
20120808	3923
20120809	3537
20120810	3530
20120811	826
20120812	360
20120813	4154
20120814	3779
20120815	3510
20120816	3601
20120817	3137
20120818	552
20120819	341
20120820	3857
20120821	4698
20120822	3358
20120823	3851
20120824	3221
20120825	390
20120826	327
20120827	398
20120828	4251
20120829	3386
20120830	3602
20120831	3112
20120901	494
20120902	318
20120903	3975
20120904	8719
20120905	4820
20120906	4056
20120907	3482
20120908	437
20120909	354
20120910	4186
20120911	4765
20120912	6672
20120913	4208
20120914	3511
20120915	533
20120916	390
20120917	4046
20120918	4114
20120919	4103
20120920	3916
20120921	3640
20120922	511
20120923	330
20120924	4367
20120925	4020
20120926	3701
20120927	3823
20120928	5529
20120929	547
20120930	351
20121001	4388
20121002	6165
20121003	5591
20121004	5617
20121005	3838
20121006	602
20121007	321
20121008	4569
20121009	7620
20121010	8250
20121011	3998
20121012	3842
20121013	596
20121014	333
20121015	4372
20121016	4498
20121017	4467
20121018	4729
20121019	5204
20121020	1129
20121021	365
20121022	4193
20121023	4403
20121024	4097
20121025	3985
20121026	3475
20121027	398
20121028	368
20121029	4082
20121030	4130
20121031	4918
20121101	7544
20121102	4773
20121103	516
20121104	418
20121105	4269
20121106	5033
20121107	6328
20121108	7913
20121109	4231
20121110	506
20121111	369
20121112	5017
20121113	4500
20121114	5176
20121115	6795
20121116	5418
20121117	595
20121118	352
20121119	4083
20121120	4171
20121121	4116
20121122	4007
20121123	3598
20121124	626
20121125	340
20121126	4636
20121127	4214
20121128	3942
20121129	4377
20121130	3451
20121201	792
20121202	384
20121203	4259
20121204	5579
20121205	5270
20121206	9624
20121207	4213
20121208	586
20121209	306
20121210	4262
20121211	4292
20121212	3883
20121213	10185
20121214	6876
20121215	614
20121216	389
20121217	5687
20121218	4258
20121219	3934
20121220	4082
20121221	3339
20121222	466
20121223	419
20121224	2475
20121225	206
20121226	340
20121227	2637
20121228	2556
20121229	429
20121230	282
20121231	2272
20130101	414
20130102	3976
20130103	4119
20130104	3616
20130105	557
20130106	405
20130107	4793
20130108	4578
20130109	4334
20130110	4556
20130111	4457
20130112	584
20130113	396
20130114	5020
20130115	4641
20130116	4161
20130117	4384
20130118	4043
20130119	586
20130120	343
20130121	4816
20130122	4248
20130123	4420
20130124	4351
20130125	3614
20130126	559
20130127	428
20130128	4593
20130129	4424
20130130	4450
20130131	4313
20130201	4182
20130202	695
20130203	438
20130204	5006
20130205	5846
20130206	6400
20130207	6354
20130208	4230
20130209	643
20130210	411
20130211	4662
20130212	4616
20130213	4443
20130214	4159
20130215	3688
20130216	866
20130217	417
20130218	4465
20130219	4606
20130220	4231
20130221	4721
20130222	4168
20130223	559
20130224	376
20130225	4427
20130226	4669
20130227	4302
20130228	5438
20130301	3793
20130302	644
20130303	351
20130304	4507
20130305	4805
20130306	4306
20130307	4290
20130308	4021
20130309	711
20130310	385
20130311	4745
20130312	4594
20130313	4420
20130314	4251
20130315	3762
20130316	665
20130317	405
20130318	4576
20130319	4827
20130320	4476
20130321	4193
20130322	3854
20130323	576
20130324	333
20130325	4376
20130326	4405
20130327	3786
20130328	3746
20130329	571
20130330	462
20130331	419
20130401	633
20130402	3761
20130403	4005
20130404	4271
20130405	4038
20130406	581
20130407	430
20130408	4524
20130409	4568
20130410	4201
20130411	4134
20130412	4125
20130413	609
20130414	368
20130415	4621
20130416	4532
20130417	4324
20130418	4195
20130419	4177
20130420	464
20130421	521
20130422	5154
20130423	4770
20130424	4313
20130425	4271
20130426	4130
20130427	507
20130428	315
20130429	4802
20130430	4616
20130501	4439
20130502	4284
20130503	3981
20130504	539
20130505	392
20130506	544
20130507	4920
20130508	5050
20130509	4567
20130510	4342
20130511	572
20130512	393
20130513	4804
20130514	4836
20130515	4610
20130516	4023
20130517	4016
20130518	509
20130519	736
20130520	6303
20130521	4404
20130522	4462
20130523	4117
20130524	4125
20130525	502
20130526	357
20130527	424
20130528	4218
20130529	3942
20130530	3973
20130531	4008
20130601	556
20130602	357
20130603	4243
20130604	4453
20130605	4042
20130606	3998
20130607	4117
20130608	529
20130609	337
20130610	4698
20130611	4727
20130612	4474
20130613	4070
20130614	4007
20130615	505
20130616	377
20130617	4829
20130618	4780
20130619	4020
20130620	4016
20130621	3918
20130622	528
20130623	380
20130624	4540
20130625	4893
20130626	4718
20130627	4482
20130628	3872
20130629	516
20130630	595
20130701	4685
20130702	4626
20130703	4454
20130704	4435
20130705	4260
20130706	469
20130707	389
20130708	4813
20130709	6056
20130710	4688
20130711	4431
20130712	4100
20130713	621
20130714	386
20130715	4792
20130716	5053
20130717	4357
20130718	4422
20130719	3987
20130720	507
20130721	457
20130722	4538
20130723	4449
20130724	4236
20130725	4025
20130726	3744
20130727	653
20130728	389
20130729	4604
20130730	4464
20130731	4473
20130801	3958
20130802	3766
20130803	675
20130804	445
20130805	4339
20130806	4576
20130807	4750
20130808	3803
20130809	3793
20130810	531
20130811	391
20130812	4538
20130813	4373
20130814	4212
20130815	4062
20130816	3905
20130817	510
20130818	406
20130819	4490
20130820	4591
20130821	4075
20130822	4084
20130823	3724
20130824	452
20130825	385
20130826	449
20130827	4504
20130828	5537
20130829	4145
20130830	3647
20130831	555
20130901	922
20130902	4442
20130903	4640
20130904	4438
20130905	4142
20130906	3850
20130907	619
20130908	365
20130909	4897
20130910	4565
20130911	4357
20130912	4157
20130913	4162
20130914	649
20130915	530
20130916	4657
20130917	4734
20130918	4414
20130919	4794
20130920	3867
20130921	682
20130922	401
20130923	4900
20130924	4631
20130925	4450
20130926	22266
20130927	4114
20130928	620
20130929	474
20130930	5067
20131001	5111
20131002	4602
20131003	4891
20131004	4276
20131005	589
20131006	485
20131007	5778
20131008	4826
20131009	4859
20131010	5789
20131011	4825
20131012	648
20131013	454
20131014	4910
20131015	5212
20131016	4775
20131017	4702
20131018	4779
20131019	781
20131020	456
20131021	5017
20131022	4834
20131023	4873
20131024	4910
20131025	4428
20131026	625
20131027	408
20131028	4717
20131029	4644
20131030	5656
20131031	4472
20131101	4374
20131102	759
20131103	545
20131104	4739
20131105	4928
20131106	4907
20131107	4552
20131108	4372
20131109	601
20131110	370
20131111	5441
20131112	5143
20131113	4946
20131114	4840
20131115	4343
20131116	646
20131117	458
20131118	5590
20131119	5075
20131120	5347
20131121	5068
20131122	4471
20131123	716
20131124	565
20131125	5153
20131126	4935
20131127	4548
20131128	4927
20131129	4540
20131130	727
20131201	526
20131202	5408
20131203	4922
20131204	4831
20131205	4785
20131206	4437
20131207	653
20131208	476
20131209	5129
20131210	5766
20131211	4898
20131212	4884
20131213	4498
20131214	659
20131215	472
20131216	5138
20131217	4812
20131218	4762
20131219	4549
20131220	4441
20131221	530
20131222	448
20131223	4414
20131224	3508
20131225	292
20131226	367
20131227	2890
20131228	531
20131229	459
20131230	3894
20131231	2901
20140101	558
20140102	3841
20140103	4158
20140104	997
20140105	495
20140106	5310
20140107	5805
20140108	5899
20140109	5259
20140110	4469
20140111	642
20140112	415
20140113	5789
20140114	5517
20140115	5255
20140116	5611
20140117	4763
20140118	715
20140119	472
20140120	5386
20140121	5438
20140122	5045
20140123	4965
20140124	4860
20140125	846
20140126	439
20140127	5784
20140128	5685
20140129	5719
20140130	5039
20140131	4682
20140201	783
20140202	554
20140203	5373
20140204	5039
20140205	5419
20140206	5147
20140207	5023
20140208	739
20140209	507
20140210	5398
20140211	5213
20140212	23464
20140213	5121
20140214	4824
20140215	563
20140216	443
20140217	5126
20140218	5325
20140219	5621
20140220	4676
20140221	4645
20140222	898
20140223	417
20140224	5310
20140225	5775
20140226	5625
20140227	4756
20140228	4918
20140301	827
20140302	1395
20140303	5630
20140304	5496
20140305	5123
20140306	5512
20140307	11330
20140308	668
20140309	486
20140310	5788
20140311	5531
20140312	5719
20140313	5530
20140314	4539
20140315	699
20140316	378
20140317	11737
20140318	5414
20140319	5232
20140320	4870
20140321	4805
20140322	681
20140323	546
20140324	5576
20140325	5266
20140326	5028
20140327	5425
20140328	4524
20140329	734
20140330	429
20140331	4979
20140401	5900
20140402	5181
20140403	4958
20140404	4782
20140405	704
20140406	501
20140407	5396
20140408	5323
20140409	5524
20140410	4763
20140411	4687
20140412	621
20140413	424
20140414	5047
20140415	5037
20140416	4565
20140417	4452
20140418	542
20140419	501
20140420	472
20140421	591
20140422	5062
20140423	5125
20140424	5383
20140425	4402
20140426	606
20140427	461
20140428	5402
20140429	5378
20140430	5073
20140501	5056
20140502	4530
20140503	554
20140504	527
20140505	509
20140506	5591
20140507	5306
20140508	5288
20140509	4909
20140510	817
20140511	517
20140512	5601
20140513	6316
20140514	5157
20140515	4952
20140516	4575
20140517	644
20140518	421
20140519	5350
20140520	5575
20140521	4829
20140522	5190
20140523	4705
20140524	675
20140525	440
20140526	603
20140527	5362
20140528	4978
20140529	4775
20140530	4068
20140531	769
20140601	443
20140602	5252
20140603	4914
20140604	4813
20140605	4823
20140606	4538
20140607	587
20140608	429
20140609	5296
20140610	5358
20140611	4789
20140612	4871
20140613	4455
20140614	585
20140615	420
20140616	5325
20140617	5528
20140618	5062
20140619	4971
20140620	4282
20140621	622
20140622	524
20140623	5005
20140624	5417
20140625	4558
20140626	4818
20140627	4062
20140628	678
20140629	408
20140630	5233
20140701	5403
20140702	5365
20140703	5031
20140704	4325
20140705	608
20140706	471
20140707	5315
20140708	5279
20140709	4869
20140710	4819
20140711	4481
20140712	613
20140713	467
20140714	4902
20140715	5160
20140716	5073
20140717	4597
20140718	4431
20140719	652
20140720	483
20140721	4753
20140722	5396
20140723	4398
20140724	4743
20140725	4475
20140726	635
20140727	537
20140728	4927
20140729	7534
20140730	5288
20140731	4605
20140801	4281
20140802	762
20140803	456
20140804	4711
20140805	4778
20140806	4722
20140807	4734
20140808	4112
20140809	701
20140810	481
20140811	5030
20140812	4785
20140813	5015
20140814	4753
20140815	4377
20140816	613
20140817	475
20140818	5400
20140819	5284
20140820	4687
20140821	4246
20140822	4147
20140823	581
20140824	481
20140825	456
20140826	4696
20140827	4702
20140828	4714
20140829	4149
20140830	610
20140831	520
20140901	5825
20140902	5069
20140903	5189
20140904	5170
20140905	4388
20140906	592
20140907	572
20140908	5192
20140909	5139
20140910	5277
20140911	4711
20140912	4439
20140913	666
20140914	501
20140915	6245
20140916	5535
20140917	5393
20140918	5569
20140919	4650
20140920	991
20140921	477
20140922	6131
20140923	5303
20140924	5231
20140925	5216
20140926	6718
20140927	647
20140928	667
20140929	5880
20140930	5941
20141001	5461
20141002	4934
20141003	4628
20141004	688
20141005	584
20141006	5113
20141007	5860
20141008	5173
20141009	5237
20141010	4897
20141011	795
20141012	492
20141013	5802
20141014	7272
20141015	6061
20141016	5176
20141017	4978
20141018	701
20141019	473
20141020	5523
20141021	6088
20141022	5218
20141023	5169
20141024	5250
20141025	553
20141026	477
20141027	5890
20141028	6638
20141029	5760
20141030	4562
20141031	4442
20141101	698
20141102	509
20141103	5945
20141104	11420
20141105	5500
20141106	5522
20141107	5069
20141108	738
20141109	527
20141110	6115
20141111	5904
20141112	7052
20141113	5323
20141114	6683
20141115	659
20141116	443
20141117	5523
20141118	5494
20141119	5393
20141120	5273
20141121	5193
20141122	622
20141123	509
20141124	5721
20141125	7655
20141126	5842
20141127	5000
20141128	4719
20141129	652
20141130	522
20141201	5491
20141202	5770
20141203	5706
20141204	5173
20141205	4309
20141206	706
20141207	538
20141208	5714
20141209	10014
20141210	5113
20141211	9451
20141212	5250
20141213	816
20141214	575
20141215	5486
20141216	5507
20141217	5878
20141218	5165
20141219	4636
20141220	658
20141221	490
20141222	6330
20141223	4934
20141224	3147
20141225	313
20141226	474
20141227	568
20141228	527
20141229	4051
20141230	4066
20141231	3360
20150101	6166
20150102	3576
20150103	715
20150104	537
20150105	5508
20150106	5295
20150107	12017
20150108	6022
20150109	5748
20150110	714
20150111	419
20150112	6145
20150113	6360
20150114	5563
20150115	5247
20150116	4969
20150117	701
20150118	502
20150119	5878
20150120	7039
20150121	5580
20150122	5453
20150123	5150
20150124	778
20150125	512
20150126	5828
20150127	5886
20150128	5187
20150129	5181
20150130	5079
20150131	730
20150201	466
20150202	6025
20150203	6572
20150204	6190
20150205	5935
20150206	5363
20150207	747
20150208	496
20150209	6832
20150210	6240
20150211	6045
20150212	5613
20150213	4978
20150214	635
20150215	519
20150216	5346
20150217	5918
20150218	7039
20150219	4907
20150220	4885
20150221	755
20150222	558
20150223	5614
20150224	7273
20150225	5888
20150226	5605
20150227	5236
20150228	762
20150301	869
20150302	6077
20150303	6090
20150304	5760
20150305	5472
20150306	5550
20150307	700
20150308	587
20150309	5972
20150310	6167
20150311	5572
20150312	5617
20150313	5066
20150314	824
20150315	492
20150316	6022
20150317	6506
20150318	5514
20150319	5407
20150320	5112
20150321	728
20150322	642
20150323	6272
20150324	6035
20150325	5254
20150326	6318
20150327	5742
20150328	820
20150329	568
20150330	6421
20150331	6438
20150401	5679
20150402	5211
20150403	732
20150404	678
20150405	492
20150406	608
20150407	5583
20150408	6667
20150409	5191
20150410	4533
20150411	727
20150412	587
20150413	5690
20150414	5658
20150415	5590
20150416	5146
20150417	4973
20150418	840
20150419	554
20150420	6006
20150421	5891
20150422	6022
20150423	5363
20150424	6357
20150425	750
20150426	545
20150427	5980
20150428	6129
20150429	5461
20150430	5818
20150501	5210
20150502	593
20150503	502
20150504	664
20150505	6187
20150506	5923
20150507	5565
20150508	5212
20150509	661
20150510	512
20150511	6030
20150512	5798
20150513	5854
20150514	5792
20150515	7088
20150516	726
20150517	564
20150518	6137
20150519	7120
20150520	6047
20150521	5334
20150522	4795
20150523	687
20150524	504
20150525	646
20150526	5739
20150527	9215
20150528	5134
20150529	13586
20150530	617
20150531	533
20150601	6129
20150602	6021
20150603	5730
20150604	9202
20150605	5639
20150606	768
20150607	457
20150608	6341
20150609	16772
20150610	6408
20150611	7224
20150612	7621
20150613	789
20150614	512
20150615	7051
20150616	6613
20150617	8269
20150618	8613
20150619	5762
20150620	831
20150621	518
20150622	17042
20150623	19874
20150624	14263
20150625	9024
20150626	12760
20150627	725
20150628	596
20150629	36656
20150630	25484
20150701	5802
20150702	5728
20150703	5015
20150704	607
20150705	515
20150706	5964
20150707	6357
20150708	6533
20150709	15281
20150710	7260
20150711	760
20150712	482
20150713	6013
20150714	6628
20150715	5603
20150716	6046
20150717	5703
20150718	712
20150719	559
20150720	5930
20150721	6045
20150722	5479
20150723	8662
20150724	5025
20150725	623
20150726	507
20150727	7110
20150728	6131
20150729	5458
20150730	5279
20150731	5110
20150801	608
20150802	519
20150803	5993
20150804	6223
20150805	5614
20150806	5203
20150807	4910
20150808	744
20150809	484
20150810	5371
20150811	5704
20150812	6403
20150813	5308
20150814	4845
20150815	614
20150816	448
20150817	5733
20150818	5492
20150819	5194
20150820	5459
20150821	4576
20150822	673
20150823	476
20150824	6427
20150825	5790
20150826	5358
20150827	5188
20150828	5687
20150829	534
20150830	511
20150831	569
20150901	6573
20150902	6106
20150903	5593
20150904	5057
20150905	583
20150906	501
20150907	6353
20150908	6163
20150909	5641
20150910	5692
20150911	5544
20150912	698
20150913	527
20150914	5917
20150915	6778
20150916	5801
20150917	7231
20150918	5124
20150919	1204
20150920	558
20150921	8684
20150922	6483
20150923	5313
20150924	5394
20150925	7390
20150926	683
20150927	546
20150928	10798
20150929	7835
20150930	6351
20151001	6364
20151002	5345
20151003	762
20151004	463
20151005	6038
20151006	6576
20151007	6972
20151008	5744
20151009	6334
20151010	1031
20151011	557
20151012	6884
20151013	8411
20151014	7093
20151015	6016
20151016	5594
20151017	969
20151018	543
20151019	6309
20151020	7357
20151021	6128
20151022	6327
20151023	5478
20151024	852
20151025	496
20151026	5948
20151027	7597
20151028	5649
20151029	5819
20151030	4950
20151031	651
20151101	555
20151102	6470
20151103	6211
20151104	6470
20151105	6460
20151106	5947
20151107	860
20151108	532
20151109	7353
20151110	6170
20151111	6200
20151112	5942
20151113	5638
20151114	917
20151115	862
20151116	6770
20151117	7001
20151118	6094
20151119	5618
20151120	5498
20151121	825
20151122	545
20151123	5968
20151124	6027
20151125	6839
20151126	5722
20151127	7959
20151128	836
20151129	496
20151130	6654
20151201	9740
20151202	5998
20151203	5661
20151204	5174
20151205	672
20151206	557
20151207	6745
20151208	7159
20151209	6265
20151210	5940
20151211	5145
20151212	1278
20151213	577
20151214	6612
20151215	7224
20151216	6226
20151217	5666
20151218	5600
20151219	831
20151220	577
20151221	6012
20151222	6310
20151223	5705
20151224	3359
20151225	376
20151226	436
20151227	515
20151228	683
20151229	4777
20151230	4394
20151231	3565
20160101	616
20160102	587
20160103	547
20160104	5559
20160105	6276
20160106	5975
20160107	6280
20160108	5846
20160109	809
20160110	591
20160111	8191
20160112	6260
20160113	6115
20160114	7160
20160115	5639
20160116	793
20160117	587
20160118	6602
20160119	6864
20160120	6817
20160121	5962
20160122	5380
20160123	816
20160124	620
20160125	6234
20160126	6272
20160127	8594
20160128	6017
20160129	5489
20160130	853
20160131	687
20160201	7988
20160202	7079
20160203	5917
20160204	12574
20160205	5526
20160206	866
20160207	574
20160208	7032
20160209	7190
20160210	6053
20160211	6450
20160212	5853
20160213	991
20160214	602
20160215	5922
20160216	10787
20160217	6467
20160218	9197
20160219	5121
20160220	794
20160221	631
20160222	11696
20160223	6362
20160224	6423
20160225	6117
20160226	5424
20160227	756
20160228	719
20160229	17775
20160301	6925
20160302	6235
20160303	6157
20160304	5626
20160305	972
20160306	558
20160307	6135
20160308	6542
20160309	6089
20160310	5840
20160311	5609
20160312	755
20160313	569
20160314	6783
20160315	6744
20160316	6100
20160317	5835
20160318	5276
20160319	850
20160320	588
20160321	6725
20160322	6601
20160323	6980
20160324	6545
20160325	728
20160326	601
20160327	589
20160328	776
20160329	6818
20160330	5687
20160331	9522
20160401	6152
20160402	794
20160403	636
20160404	6334
20160405	9678
20160406	5933
20160407	5423
20160408	5295
20160409	736
20160410	519
20160411	6006
20160412	6279
20160413	6159
20160414	5897
20160415	5194
20160416	703
20160417	533
20160418	6381
20160419	6254
20160420	6181
20160421	6512
20160422	5312
20160423	752
20160424	591
20160425	6374
20160426	8733
20160427	6073
20160428	6071
20160429	5275
20160430	1025
20160501	603
20160502	740
20160503	6656
20160504	6703
20160505	6082
20160506	5432
20160507	816
20160508	681
20160509	6645
20160510	6504
20160511	6002
20160512	6162
20160513	5250
20160514	835
20160515	560
20160516	6596
20160517	6886
20160518	6632
20160519	6232
20160520	5474
20160521	982
20160522	660
20160523	6095
20160524	6223
20160525	5725
20160526	5879
20160527	5228
20160528	690
20160529	607
20160530	726
20160531	5950
20160601	6304
20160602	5792
20160603	5231
20160604	853
20160605	625
20160606	6350
20160607	6781
20160608	5922
20160609	5665
20160610	5055
20160611	778
20160612	699
20160613	5933
20160614	6351
20160615	6076
20160616	6897
20160617	5947
20160618	893
20160619	739
20160620	6488
20160621	7009
20160622	5717
20160623	6413
20160624	5148
20160625	858
20160626	680
20160627	6747
20160628	6220
20160629	6234
20160630	7596
20160701	5347
20160702	814
20160703	616
20160704	5838
20160705	6294
20160706	6262
20160707	5648
20160708	5091
20160709	846
20160710	628
20160711	6434
20160712	6439
20160713	5578
20160714	5768
20160715	5038
20160716	756
20160717	597
20160718	6338
20160719	6859
20160720	5802
20160721	5752
20160722	5238
20160723	881
20160724	717
20160725	6079
20160726	6719
20160727	5740
20160728	6057
20160729	5105
20160730	821
20160731	929
20160801	5852
20160802	6805
20160803	6280
20160804	5591
20160805	5120
20160806	777
20160807	575
20160808	5688
20160809	6141
20160810	5707
20160811	5918
20160812	5521
20160813	883
20160814	578
20160815	6125
20160816	6095
20160817	5858
20160818	5789
20160819	4975
20160820	897
20160821	605
20160822	6573
20160823	6010
20160824	6255
20160825	5872
20160826	4596
20160827	700
20160828	640
20160829	715
20160830	5979
20160831	5962
20160901	11067
20160902	6168
20160903	948
20160904	662
20160905	7927
20160906	7113
20160907	7245
20160908	11150
20160909	6618
20160910	667
20160911	492
20160912	6309
20160913	7343
20160914	6992
20160915	6623
20160916	8277
20160917	882
20160918	654
20160919	6704
20160920	8765
20160921	7693
20160922	6535
20160923	6407
20160924	1247
20160925	657
20160926	6739
20160927	8664
20160928	6290
20160929	7162
20160930	5549
20161001	1208
20161002	638
20161003	7122
20161004	6948
20161005	6488
20161006	6915
20161007	5432
20161008	1086
20161009	687
20161010	6694
20161011	8078
20161012	7478
20161013	6500
20161014	5903
20161015	1357
20161016	982
20161017	7395
20161018	6875
20161019	8056
20161020	7294
20161021	6648
20161022	949
20161023	676
20161024	6354
20161025	6101
20161026	8200
20161027	6529
20161028	6531
20161029	802
20161030	690
20161031	6480
20161101	8146
20161102	6460
20161103	7098
20161104	5860
20161105	978
20161106	655
20161107	8969
20161108	7877
20161109	7123
20161110	7221
20161111	6206
20161112	1001
20161113	605
20161114	6682
20161115	6826
20161116	6238
20161117	6483
20161118	5449
20161119	1138
20161120	785
20161121	6519
20161122	7467
20161123	7837
20161124	7710
20161125	6363
20161126	1039
20161127	626
20161128	7153
20161129	7529
20161130	6625
20161201	6487
20161202	6093
20161203	885
20161204	658
20161205	7739
20161206	7985
20161207	6877
20161208	6536
20161209	5623
20161210	895
20161211	650
20161212	6596
20161213	7526
20161214	6814
20161215	6817
20161216	5987
20161217	860
20161218	652
20161219	7024
20161220	6886
20161221	6700
20161222	6485
20161223	6229
20161224	554
20161225	342
20161226	535
20161227	699
20161228	5061
20161229	5111
20161230	4311
20161231	602
20170101	712
20170102	841
20170103	7056
20170104	6801
20170105	6724
20170106	5871
20170107	1013
20170108	700
20170109	7572
20170110	7545
20170111	7174
20170112	7618
20170113	6224
20170114	1029
20170115	738
20170116	7847
20170117	7961
20170118	8243
20170119	7253
20170120	6055
20170121	1155
20170122	715
20170123	7552
20170124	7877
20170125	7513
20170126	7798
20170127	6085
20170128	1297
20170129	816
20170130	7528
20170131	9769
20170201	9799
20170202	7044
20170203	6701
20170204	1010
20170205	772
20170206	7281
20170207	7930
20170208	7214
20170209	8661
20170210	6711
20170211	1205
20170212	868
20170213	8064
20170214	8323
20170215	6687
20170216	7867
20170217	6438
20170218	912
20170219	789
20170220	7183
20170221	7362
20170222	7214
20170223	6763
20170224	5441
20170225	1126
20170226	779
20170227	7388
20170228	8109
20170301	10583
20170302	7344
20170303	7106
20170304	1058
20170305	778
20170306	7437
20170307	7731
20170308	7155
20170309	6923
20170310	6150
20170311	1220
20170312	747
20170313	7711
20170314	7534
20170315	8645
20170316	7323
20170317	6498
20170318	938
20170319	754
20170320	7858
20170321	12788
20170322	7971
20170323	6887
20170324	6383
20170325	983
20170326	659
20170327	7340
20170328	7734
20170329	7350
20170330	7907
20170331	5515
20170401	1260
20170402	772
20170403	7054
20170404	7125
20170405	6693
20170406	6663
20170407	5906
20170408	863
20170409	774
20170410	7039
20170411	9205
20170412	6315
20170413	6735
20170414	666
20170415	611
20170416	529
20170417	675
20170418	7134
20170419	6992
20170420	6860
20170421	6460
20170422	957
20170423	884
20170424	7390
20170425	8488
20170426	7955
20170427	7167
20170428	6049
20170429	744
20170430	702
20170501	918
20170502	7212
20170503	9520
20170504	7510
20170505	6529
20170506	1020
20170507	753
20170508	7274
20170509	7570
20170510	7591
20170511	7472
20170512	5808
20170513	892
20170514	708
20170515	7333
20170516	7526
20170517	7350
20170518	8928
20170519	6377
20170520	1105
20170521	790
20170522	8092
20170523	6854
20170524	6248
20170525	6714
20170526	5810
20170527	781
20170528	691
20170529	728
20170530	7670
20170531	8156
20170601	6746
20170602	6230
20170603	930
20170604	698
20170605	7776
20170606	7220
20170607	6670
20170608	6785
20170609	6770
20170610	945
20170611	738
20170612	9407
20170613	7321
20170614	6971
20170615	8532
20170616	6016
20170617	1006
20170618	721
20170619	7734
20170620	7489
20170621	7096
20170622	6769
20170623	6731
20170624	995
20170625	657
20170626	6994
20170627	8594
20170628	6713
20170629	6652
20170630	5595
20170701	949
20170702	791
20170703	6981
20170704	7354
20170705	9320
20170706	7328
20170707	7310
20170708	969
20170709	819
20170710	7286
20170711	7767
20170712	7769
20170713	6930
20170714	6383
20170715	1216
20170716	748
20170717	9017
20170718	8471
20170719	6972
20170720	7389
20170721	11939
20170722	916
20170723	745
20170724	7363
20170725	7887
20170726	7833
20170727	7321
20170728	6532
20170729	867
20170730	753
20170731	7281
20170801	7513
20170802	6761
20170803	7764
20170804	9733
20170805	814
20170806	705
20170807	7136
20170808	7283
20170809	8645
20170810	6865
20170811	6179
20170812	873
20170813	763
20170814	7022
20170815	7482
20170816	7627
20170817	8167
20170818	9947
20170819	940
20170820	885
20170821	6803
20170822	7184
20170823	7877
20170824	8039
20170825	7325
20170826	710
20170827	599
20170828	867
20170829	7712
20170830	7034
20170831	7532
20170901	7408
20170902	937
20170903	788
20170904	9749
20170905	11412
20170906	7905
20170907	9558
20170908	6797
20170909	902
20170910	918
20170911	7828
20170912	13881
20170913	8069
20170914	8649
20170915	6881
20170916	1386
20170917	1120
20170918	8052
20170919	9532
20170920	7303
20170921	7746
20170922	7525
20170923	1340
20170924	984
20170925	8312
20170926	9429
20170927	9269
20170928	8028
20170929	7478
20170930	1177
20171001	874
20171002	7837
20171003	8446
20171004	10869
20171005	8493
20171006	6467
20171007	1231
20171008	813
20171009	8610
20171010	8944
20171011	8914
20171012	7974
20171013	6770
20171014	1044
20171015	972
20171016	7904
20171017	10296
20171018	7578
20171019	7734
20171020	7536
20171021	1084
20171022	834
20171023	7886
20171024	7515
20171025	8801
20171026	9571
20171027	7214
20171028	1180
20171029	1086
20171030	7838
20171031	8085
20171101	11823
20171102	10669
20171103	8035
20171104	1091
20171105	878
20171106	8555
20171107	8159
20171108	10387
20171109	9054
20171110	8384
20171111	1102
20171112	928
20171113	8103
20171114	9814
20171115	7706
20171116	7550
20171117	7018
20171118	1118
20171119	1046
20171120	8335
20171121	8516
20171122	8555
20171123	7691
20171124	9127
20171125	1010
20171126	905
20171127	12494
20171128	8080
20171129	7849
20171130	8160
20171201	7203
20171202	956
20171203	815
20171204	7394
20171205	9955
20171206	7720
20171207	7165
20171208	6613
20171209	978
20171210	805
20171211	7676
20171212	7551
20171213	7859
20171214	7426
20171215	7266
20171216	974
20171217	765
20171218	7315
20171219	7952
20171220	8324
20171221	8267
20171222	5534
20171223	734
20171224	559
20171225	387
20171226	752
20171227	5933
20171228	6206
20171229	5299
20171230	773
20171231	604
20180101	1021
20180102	7366
20180103	8579
20180104	8305
20180105	7160
20180106	1014
20180107	918
20180108	10501
20180109	9132
20180110	9304
20180111	8957
20180112	7645
20180113	1082
20180114	1021
20180115	8502
20180116	8792
20180117	8359
20180118	8810
20180119	7449
20180120	1035
20180121	964
20180122	9178
20180123	9100
20180124	8279
20180125	8695
20180126	7471
20180127	1083
20180128	1015
20180129	8791
20180130	10213
20180131	10155
20180201	8649
20180202	7743
20180203	942
20180204	960
20180205	10619
20180206	9254
20180207	8306
20180208	9087
20180209	7818
20180210	1052
20180211	994
20180212	8453
20180213	9198
20180214	7804
20180215	7976
20180216	7183
20180217	1002
20180218	924
20180219	8255
20180220	11546
20180221	9473
20180222	7496
20180223	7065
20180224	1063
20180225	921
20180226	8473
20180227	8349
20180228	9001
20180301	9727
20180302	7796
20180303	1230
20180304	1191
20180305	9931
20180306	8820
20180307	8015
20180308	8570
20180309	8517
20180310	1440
20180311	948
20180312	8759
20180313	9055
20180314	8230
20180315	8870
20180316	7378
20180317	1095
20180318	1003
20180319	8534
20180320	8643
20180321	7523
20180322	7930
20180323	7176
20180324	1214
20180325	1309
20180326	8766
20180327	7819
20180328	7310
20180329	9926
20180330	3339
20180331	712
20180401	685
20180402	4020
20180403	7867
20180404	7909
20180405	7468
20180406	8639
20180407	1068
20180408	1100
20180409	10510
20180410	8671
20180411	8357
20180412	8177
20180413	7325
20180414	1090
20180415	1066
20180416	11774
20180417	8443
20180418	8210
20180419	7680
20180420	7590
20180421	1161
20180422	1183
20180423	10100
20180424	9010
20180425	7901
20180426	8915
20180427	7259
20180428	928
20180429	2693
20180430	11502
20180501	9314
20180502	9773
20180503	8073
20180504	7394
20180505	990
20180506	789
20180507	3168
20180508	8844
20180509	8534
20180510	9428
20180511	7358
20180512	935
20180513	946
20180514	10910
20180515	8470
20180516	8607
20180517	15000
20180518	13828
20180519	955
20180520	1109
20180521	9689
20180522	8910
20180523	9755
20180524	10876
20180525	6304
20180526	936
20180527	777
20180528	1201
20180529	8941
20180530	9752
20180531	8238
20180601	12027
20180602	938
20180603	1116
20180604	10763
20180605	9147
20180606	12150
20180607	8633
20180608	7438
20180609	1500
20180610	1636
20180611	9821
20180612	8619
20180613	7915
20180614	8084
20180615	6933
20180616	1119
20180617	1024
20180618	8448
20180619	10122
20180620	10192
20180621	7910
20180622	8888
20180623	1059
20180624	1235
20180625	8119
20180626	9662
20180627	10243
20180628	7775
20180629	6652
20180630	983
20180701	965
20180702	10594
20180703	8696
20180704	8221
20180705	8718
20180706	11267
20180707	4846
20180708	1960
20180709	7928
20180710	8797
20180711	11266
20180712	7469
20180713	6959
20180714	1162
20180715	1408
20180716	8596
20180717	8196
20180718	11766
20180719	12151
20180720	8220
20180721	1295
20180722	1795
20180723	8815
20180724	9364
20180725	10740
20180726	8784
20180727	6741
20180728	1374
20180729	1964
20180730	8391
20180731	9881
20180801	8094
20180802	7903
20180803	6779
20180804	1261
20180805	1987
20180806	8589
20180807	8966
20180808	8187
20180809	8034
20180810	7239
20180811	1239
20180812	2097
20180813	11378
20180814	8468
20180815	8505
20180816	8035
20180817	6771
20180818	1430
20180819	2160
20180820	9264
20180821	9403
20180822	9479
20180823	9040
20180824	6198
20180825	1203
20180826	1249
20180827	2095
20180828	8818
20180829	8717
20180830	9511
20180831	7408
20180901	1568
20180902	2374
20180903	11359
20180904	9466
20180905	9215
20180906	12064
20180907	9582
20180908	3161
20180909	2399
20180910	12031
20180911	11027
20180912	9557
20180913	13647
20180914	9676
20180915	1744
20180916	2320
20180917	14348
20180918	14156
20180919	9811
20180920	9241
20180921	10337
20180922	1710
20180923	2542
20180924	12535
20180925	10199
20180926	9265
20180927	9055
20180928	8688
20180929	1550
20180930	2397
20181001	10186
20181002	12873
20181003	10822
20181004	11747
20181005	8408
20181006	1826
20181007	2566
20181008	11802
20181009	14176
20181010	12362
20181011	11548
20181012	13547
20181013	2752
20181014	3054
20181015	12521
20181016	11223
20181017	11861
20181018	9796
20181019	10588
20181020	2061
20181021	2907
20181022	12008
20181023	10749
20181024	12423
20181025	12341
20181026	9242
20181027	2001
20181028	3057
20181029	14263
20181030	13570
20181031	11781
20181101	11726
20181102	10154
20181103	1967
20181104	2806
20181105	15526
20181106	10198
20181107	10504
20181108	10759
20181109	9894
20181110	1887
20181111	3148
20181112	10793
20181113	13454
20181114	9726
20181115	10344
20181116	10788
20181117	2812
20181118	2952
20181119	11178
20181120	11080
20181121	10323
20181122	10765
20181123	8977
20181124	1692
20181125	3083
20181126	11122
20181127	10113
20181128	9578
20181129	10243
20181130	8360
20181201	2223
20181202	4112
20181203	10804
20181204	11425
20181205	10466
20181206	9932
20181207	10054
20181208	1844
20181209	2939
20181210	10841
20181211	10319
20181212	10369
20181213	10146
20181214	7495
20181215	2068
20181216	3014
20181217	12005
20181218	10775
20181219	10238
20181220	9711
20181221	7160
20181222	912
20181223	1315
20181224	6671
20181225	832
20181226	1261
20181227	7674
20181228	6299
20181229	810
20181230	1978
20181231	6489
20190101	2299
20190102	8530
20190103	9531
20190104	8577
20190105	1941
20190106	2998
20190107	12601
20190108	11583
20190109	10757
20190110	10842
20190111	11173
20190112	2001
20190113	3162
20190114	12853
20190115	11007
20190116	10204
20190117	9834
20190118	8508
20190119	2470
20190120	3136
20190121	12002
20190122	10543
20190123	12270
20190124	10991
20190125	9373
20190126	2211
20190127	3022
20190128	11266
20190129	13088
20190130	9329
20190131	13452
20190201	8722
20190202	1883
20190203	2944
20190204	11671
20190205	10837
20190206	10260
20190207	10257
20190208	9085
20190209	2097
20190210	3200
20190211	11020
20190212	11666
20190213	10823
20190214	10795
20190215	9129
20190216	2178
20190217	4247
20190218	9959
20190219	9886
20190220	11029
20190221	10088
20190222	7939
20190223	2218
20190224	3642
20190225	14236
20190226	11487
20190227	11351
20190228	10260
20190301	8342
20190302	1790
20190303	3181
20190304	10805
20190305	11497
20190306	10409
20190307	10265
20190308	10870
20190309	1982
20190310	4136
20190311	11292
20190312	10746
20190313	11142
20190314	11403
20190315	8179
20190316	2069
20190317	3033
20190318	10638
20190319	10700
20190320	9845
20190321	9741
20190322	8945
20190323	1959
20190324	3028
20190325	11075
20190326	10442
20190327	9812
20190328	9244
20190329	8794
20190330	1838
20190331	3000
20190401	12615
20190402	10990
20190403	9951
20190404	10162
20190405	8857
20190406	1907
20190407	3273
20190408	11009
20190409	11951
20190410	10566
20190411	9908
20190412	8502
20190413	1890
20190414	3057
20190415	10839
20190416	9402
20190417	9322
20190418	7943
20190419	795
20190420	1524
20190421	1438
20190422	3178
20190423	10401
20190424	14753
20190425	10338
20190426	10045
20190427	1865
20190428	3246
20190429	11822
20190430	11056
20190501	11232
20190502	10697
20190503	7478
20190504	1626
20190505	1470
20190506	3067
20190507	11518
20190508	10374
20190509	10468
20190510	8710
20190511	1875
20190512	3293
20190513	11897
20190514	11581
20190515	10236
20190516	10382
20190517	8936
20190518	1949
20190519	3315
20190520	11120
20190521	10549
20190522	10946
20190523	10439
20190524	8491
20190525	1707
20190526	1569
20190527	3372
20190528	11064
20190529	9948
20190530	8545
20190531	8749
20190601	7213
20190602	3306
20190603	12031
20190604	11869
20190605	9759
20190606	10515
20190607	9266
20190608	2013
20190609	3211
20190610	12381
20190611	11505
20190612	9965
20190613	10318
20190614	9082
20190615	2033
20190616	3285
20190617	11724
20190618	10894
20190619	9763
20190620	10056
20190621	8444
20190622	1896
20190623	3337
20190624	13472
20190625	10645
20190626	9986
20190627	9666
20190628	8075
20190629	2016
20190630	3240
20190701	11637
20190702	11112
20190703	10304
20190704	10223
20190705	8617
20190706	1861
20190707	3483
20190708	11823
20190709	11102
20190710	12113
20190711	10025
20190712	8418
20190713	1836
20190714	3219
20190715	11625
20190716	11071
20190717	10862
20190718	9788
20190719	9231
20190720	1896
20190721	3244
20190722	12530
20190723	12591
20190724	11414
20190725	9538
20190726	9336
20190727	1938
20190728	3330
20190729	11881
20190730	10771
20190731	11214
20190801	11092
20190802	8530
20190803	1927
20190804	3192
20190805	11517
20190806	11232
20190807	10254
20190808	10085
20190809	8642
20190810	1906
20190811	3255
20190812	12013
20190813	10961
20190814	10262
20190815	9746
20190816	9717
20190817	1911
20190818	3150
20190819	16055
20190820	11246
20190821	9939
20190822	9192
20190823	15406
20190824	3882
20190825	1610
20190826	3162
20190827	11390
20190828	12668
20190829	13718
20190830	11383
20190831	1969
20190901	5475
20190902	12493
20190903	14310
20190904	12160
20190905	13830
20190906	13896
20190907	2075
20190908	3499
20190909	15774
20190910	16512
20190911	11690
20190912	13263
20190913	11350
20190914	2533
20190915	3785
20190916	19049
20190917	18368
20190918	20844
20190919	18502
20190920	13542
20190921	2329
20190922	4285
20190923	14688
20190924	15443
20190925	15805
20190926	12419
20190927	11495
20190928	3286
20190929	4076
20190930	17497
20191001	21536
20191002	18313
20191003	11557
20191004	20368
20191005	2567
20191006	3872
20191007	15740
20191008	12945
20191009	12129
20191010	19402
20191011	11847
20191012	2753
20191013	3774
20191014	13025
20191015	14957
20191016	14536
20191017	14018
20191018	10627
20191019	2225
20191020	3711
20191021	14533
20191022	14167
20191023	11692
20191024	12500
20191025	8690
20191026	2230
20191027	3717
20191028	14343
20191029	12884
20191030	12451
20191031	11545
20191101	16511
20191102	2490
20191103	3825
20191104	12888
20191105	12359
20191106	11127
20191107	13178
20191108	10689
20191109	2562
20191110	3620
20191111	13316
20191112	11700
20191113	11628
20191114	14978
20191115	10542
20191116	3194
20191117	3937
20191118	13962
20191119	19848
20191120	13155
20191121	11680
20191122	10334
20191123	2655
20191124	3968
20191125	12087
20191126	13524
20191127	11222
20191128	10820
20191129	9799
20191130	2058
20191201	4537
20191202	12118
20191203	12330
20191204	10992
20191205	10785
20191206	9388
20191207	2454
20191208	3608
20191209	20947
20191210	11591
20191211	13632
20191212	13264
20191213	13138
20191214	2261
20191215	3853
20191216	11898
20191217	13276
20191218	10860
20191219	10316
20191220	8312
20191221	1377
20191222	2506
20191223	8968
20191224	6582
20191225	380
20191226	1214
20191227	6791
20191228	1404
20191229	1942
20191230	9589
20191231	6240
20200101	2494
20200102	11689
20200103	10871
20200104	2177
20200105	3734
20200106	14521
20200107	13857
20200108	11125
20200109	12593
20200110	11701
20200111	2302
20200112	3943
20200113	15342
20200114	12454
20200115	11321
20200116	12394
20200117	11110
20200118	2179
20200119	3675
20200120	13921
20200121	13019
20200122	11009
20200123	11523
20200124	15286
20200125	2213
20200126	3798
20200127	13161
20200128	12392
20200129	11441
20200130	10983
20200131	9491
20200201	2986
20200202	3776
20200203	13176
20200204	14370
20200205	12749
20200206	10832
20200207	14215
20200208	2184
20200209	3658
20200210	16264
20200211	12335
20200212	18618
20200213	10337
20200214	8642
20200215	6406
20200216	3313
20200217	21939
20200218	13551
20200219	18012
20200220	10091
20200221	10407
20200222	1762
20200223	3327
20200224	11646
20200225	14170
20200226	10341
20200227	10445
20200228	9821
20200229	2227
20200301	3305
20200302	13920
20200303	16823
20200304	21886
20200305	13828
20200306	17351
20200307	2280
20200308	3289
20200309	13739
20200310	32426
20200311	30506
20200312	46354
20200313	16213
20200314	2097
20200315	5913
20200316	32864
20200317	19884
20200318	24744
20200319	11273
20200320	7964
20200321	995
20200322	1303
20200323	20598
20200324	10882
20200325	11007
20200326	13751
20200327	9371
20200328	1054
20200329	929
20200330	9668
20200331	7399
20200401	6781
20200402	6164
20200403	11719
20200404	634
20200405	661
20200406	9848
20200407	16888
20200408	12400
20200409	29606
20200410	10460
20200411	708
20200412	547
20200413	3388
20200414	9247
20200415	13509
20200416	11629
20200417	7437
20200418	596
20200419	5208
20200420	7686
20200421	22604
20200422	6812
20200423	7653
20200424	5969
20200425	524
20200426	602
20200427	7910
20200428	7646
20200429	10127
20200430	7631
20200501	5738
20200502	516
20200503	634
20200504	8747
20200505	15520
20200506	14381
20200507	32387
20200508	2261
20200509	566
20200510	702
20200511	8072
20200512	7120
20200513	6862
20200514	7459
20200515	6029
20200516	666
20200517	653
20200518	13858
20200519	7360
20200520	6877
20200521	6765
20200522	6088
20200523	386
20200524	390
20200525	537
20200526	6033
20200527	13673
20200528	10848
20200529	4633
20200530	352
20200531	547
20200601	8211
20200602	6047
20200603	12099
20200604	5756
20200605	4514
20200606	321
20200607	433
20200608	15013
20200609	5690
20200610	4141
20200611	3221
20200630	1
20200803	2
20200815	1
20200819	1
20200828	1
20200902	1
20200905	1
20201004	1
20201028	1
20201106	1
20201109	2
20201118	1
20201204	1
20201211	1
20201212	1
20201220	1
20220304	2
20220402	1
20230102	1
20240104	1
20290210	1
20500101	1
20610718	1
20620628	1
20620705	1
20680601	1
20680605	1
20751009	1
20991223	1
21030101	1
21250102	1
23190315	1
26190327	1
28200102	1
29200130	1
29200304	1
29200507	1
64011101	1
70190125	1
71990801	1