20100102	46
20100103	31
20100104	1372
20100105	1104
20100106	672
20100107	936
20100108	1101
20100109	69
20100110	308
20100111	1701
20100112	1406
20100113	1379
20100114	1228
20100115	1179
20100116	57
20100117	156
20100118	1399
20100119	1338
20100120	1164
20100121	1490
20100122	1177
20100123	115
20100124	42
20100125	1790
20100126	1304
20100127	1041
20100128	1066
20100129	1126
20100130	67
20100131	36
20100201	1502
20100202	1494
20100203	1056
20100204	1955
20100205	1872
20100206	41
20100207	150
20100208	1479
20100209	1375
20100210	1809
20100211	1356
20100212	1147
20100213	179
20100214	165
20100215	1344
20100216	1262
20100217	1363
20100218	1158
20100219	1363
20100220	110
20100221	39
20100222	1884
20100223	1228
20100224	1020
20100225	1364
20100226	2346
20100227	71
20100228	34
20100301	1790
20100302	1511
20100303	1331
20100304	1509
20100305	1113
20100306	52
20100307	50
20100308	1551
20100309	1297
20100310	1493
20100311	1264
20100312	1243
20100313	77
20100314	54
20100315	1954
20100316	1475
20100317	1143
20100318	1307
20100319	1281
20100320	71
20100321	48
20100322	1350
20100323	1396
20100324	1362
20100325	1081
20100326	1194
20100327	89
20100328	64
20100329	1361
20100330	1301
20100331	1330
20100401	1929
20100402	54
20100403	166
20100404	58
20100405	38
20100406	1632
20100407	1239
20100408	1427
20100409	1229
20100410	108
20100411	33
20100412	1861
20100413	1230
20100414	1286
20100415	1486
20100416	1305
20100417	82
20100418	43
20100419	1611
20100420	1369
20100421	1256
20100422	1114
20100423	1434
20100424	78
20100425	62
20100426	1753
20100427	1407
20100428	1439
20100429	1337
20100430	1512
20100501	155
20100502	37
20100503	55
20100504	1664
20100505	1522
20100506	1294
20100507	1188
20100508	73
20100509	40
20100510	1800
20100511	1248
20100512	1308
20100513	1196
20100514	1236
20100515	87
20100516	40
20100517	1614
20100518	1288
20100519	1129
20100520	1347
20100521	1242
20100522	107
20100523	59
20100524	2432
20100525	1188
20100526	1196
20100527	1531
20100528	1081
20100529	67
20100530	58
20100531	94
20100601	1927
20100602	1184
20100603	1388
20100604	1071
20100605	138
20100606	58
20100607	1579
20100608	1515
20100609	1103
20100610	1624
20100611	1480
20100612	115
20100613	55
20100614	1430
20100615	1219
20100616	1222
20100617	1151
20100618	1166
20100619	351
20100620	30
20100621	1295
20100622	1321
20100623	1497
20100624	1492
20100625	1071
20100626	77
20100627	40
20100628	1401
20100629	1261
20100630	1194
20100701	1642
20100702	1258
20100703	70
20100704	47
20100705	1816
20100706	1288
20100707	1368
20100708	1194
20100709	1242
20100710	68
20100711	48
20100712	1393
20100713	1322
20100714	1232
20100715	1052
20100716	1244
20100717	251
20100718	171
20100719	1265
20100720	1398
20100721	1608
20100722	1246
20100723	1092
20100724	70
20100725	76
20100726	1609
20100727	1199
20100728	1282
20100729	1207
20100730	1067
20100731	84
20100801	113
20100802	1129
20100803	1123
20100804	934
20100805	1021
20100806	984
20100807	79
20100808	52
20100809	1689
20100810	1313
20100811	1128
20100812	1147
20100813	1028
20100814	83
20100815	42
20100816	1211
20100817	1568
20100818	1558
20100819	1452
20100820	1353
20100821	61
20100822	53
20100823	1171
20100824	1041
20100825	1017
20100826	1192
20100827	907
20100828	53
20100829	44
20100830	42
20100831	1306
20100901	1109
20100902	1276
20100903	1100
20100904	75
20100905	62
20100906	1588
20100907	1258
20100908	1332
20100909	1274
20100910	1198
20100911	59
20100912	49
20100913	1485
20100914	1740
20100915	1507
20100916	1625
20100917	1404
20100918	70
20100919	58
20100920	1411
20100921	1313
20100922	1022
20100923	936
20100924	1149
20100925	76
20100926	127
20100927	1536
20100928	1369
20100929	1164
20100930	1095
20101001	1678
20101002	129
20101003	55
20101004	1458
20101005	1191
20101006	1197
20101007	1125
20101008	1380
20101009	78
20101010	58
20101011	1695
20101012	1272
20101013	1126
20101014	1572
20101015	1369
20101016	92
20101017	48
20101018	1807
20101019	1374
20101020	1311
20101021	1347
20101022	1194
20101023	230
20101024	73
20101025	1302
20101026	1216
20101027	1016
20101028	1076
20101029	1312
20101030	244
20101031	55
20101101	2189
20101102	1505
20101103	983
20101104	1380
20101105	1376
20101106	64
20101107	39
20101108	1610
20101109	1383
20101110	1299
20101111	1163
20101112	1498
20101113	111
20101114	173
20101115	1796
20101116	1361
20101117	1035
20101118	1340
20101119	1470
20101120	77
20101121	51
20101122	1595
20101123	1275
20101124	1437
20101125	1188
20101126	1208
20101127	73
20101128	44
20101129	1379
20101130	1156
20101201	1612
20101202	1179
20101203	1577
20101204	63
20101205	235
20101206	1995
20101207	1526
20101208	1361
20101209	1355
20101210	1204
20101211	92
20101212	294
20101213	1740
20101214	1681
20101215	1620
20101216	1478
20101217	1594
20101218	60
20101219	60
20101220	1631
20101221	1281
20101222	1048
20101223	1066
20101224	724
20101225	24
20101226	64
20101227	49
20101228	68
20101229	1185
20101230	1211
20101231	755
20110101	2481
20110102	42
20110103	68
20110104	1605
20110105	1235
20110106	1416
20110107	1425
20110108	87
20110109	38
20110110	1787
20110111	1590
20110112	1193
20110113	1309
20110114	1515
20110115	154
20110116	37
20110117	1615
20110118	2101
20110119	1189
20110120	1416
20110121	1213
20110122	270
20110123	55
20110124	1963
20110125	1704
20110126	1196
20110127	1266
20110128	1244
20110129	73
20110130	56
20110131	1701
20110201	2224
20110202	1143
20110203	1261
20110204	1228
20110205	270
20110206	58
20110207	1663
20110208	1436
20110209	1127
20110210	1475
20110211	1362
20110212	61
20110213	47
20110214	1384
20110215	1498
20110216	1198
20110217	1320
20110218	1237
20110219	60
20110220	36
20110221	1381
20110222	1433
20110223	1642
20110224	1247
20110225	1232
20110226	71
20110227	77
20110228	1493
20110301	1777
20110302	1171
20110303	1551
20110304	1189
20110305	172
20110306	57
20110307	1721
20110308	1463
20110309	1237
20110310	1184
20110311	1633
20110312	97
20110313	65
20110314	1719
20110315	1594
20110316	1407
20110317	1251
20110318	1394
20110319	212
20110320	181
20110321	1519
20110322	1511
20110323	1091
20110324	1489
20110325	1255
20110326	93
20110327	51
20110328	1829
20110329	1494
20110330	1330
20110331	1169
20110401	1904
20110402	82
20110403	102
20110404	1478
20110405	1354
20110406	1219
20110407	1599
20110408	1411
20110409	209
20110410	75
20110411	1784
20110412	1341
20110413	1044
20110414	1578
20110415	1362
20110416	315
20110417	251
20110418	1688
20110419	1514
20110420	1477
20110421	1200
20110422	61
20110423	48
20110424	43
20110425	64
20110426	1875
20110427	1710
20110428	1467
20110429	62
20110430	285
20110501	391
20110502	171
20110503	1575
20110504	1192
20110505	1324
20110506	1152
20110507	133
20110508	188
20110509	1450
20110510	1247
20110511	1206
20110512	1500
20110513	1396
20110514	76
20110515	51
20110516	1588
20110517	2039
20110518	1623
20110519	1377
20110520	1475
20110521	71
20110522	66
20110523	1560
20110524	1633
20110525	1463
20110526	1258
20110527	1247
20110528	69
20110529	63
20110530	40
20110531	1438
20110601	1276
20110602	1389
20110603	1476
20110604	76
20110605	65
20110606	1821
20110607	1350
20110608	1302
20110609	1535
20110610	1294
20110611	285
20110612	45
20110613	1619
20110614	1847
20110615	1169
20110616	1443
20110617	1683
20110618	105
20110619	271
20110620	1581
20110621	1340
20110622	1161
20110623	1527
20110624	1081
20110625	83
20110626	297
20110627	1674
20110628	1477
20110629	1105
20110630	1319
20110701	1292
20110702	75
20110703	174
20110704	1700
20110705	1555
20110706	1191
20110707	1412
20110708	1131
20110709	275
20110710	49
20110711	1288
20110712	1320
20110713	1118
20110714	1138
20110715	1547
20110716	227
20110717	148
20110718	1428
20110719	1192
20110720	1381
20110721	1080
20110722	1249
20110723	70
20110724	156
20110725	1409
20110726	1545
20110727	1145
20110728	1117
20110729	1149
20110730	51
20110731	230
20110801	1751
20110802	1457
20110803	1351
20110804	1094
20110805	1146
20110806	131
20110807	116
20110808	1633
20110809	1408
20110810	975
20110811	1136
20110812	1525
20110813	181
20110814	49
20110815	1387
20110816	1440
20110817	1520
20110818	1460
20110819	1442
20110820	73
20110821	44
20110822	1497
20110823	1541
20110824	1255
20110825	1065
20110826	1346
20110827	78
20110828	46
20110829	37
20110830	1639
20110831	1414
20110901	1733
20110902	1384
20110903	206
20110904	37
20110905	1470
20110906	1598
20110907	1319
20110908	1141
20110909	1060
20110910	76
20110911	162
20110912	1345
20110913	1285
20110914	1542
20110915	1079
20110916	1206
20110917	34
20110918	32
20110919	1269
20110920	1728
20110921	1297
20110922	1170
20110923	1240
20110924	49
20110925	36
20110926	1295
20110927	1670
20110928	1100
20110929	1004
20110930	1238
20111001	145
20111002	43
20111003	1721
20111004	1367
20111005	1291
20111006	1326
20111007	1119
20111008	64
20111009	402
20111010	1663
20111011	1361
20111012	1384
20111013	1204
20111014	1125
20111015	116
20111016	42
20111017	1447
20111018	1263
20111019	1427
20111020	1471
20111021	1196
20111022	87
20111023	42
20111024	1768
20111025	1344
20111026	1079
20111027	1368
20111028	1102
20111029	85
20111030	32
20111031	1518
20111101	1514
20111102	1562
20111103	1174
20111104	1467
20111105	109
20111106	38
20111107	1694
20111108	1362
20111109	1419
20111110	1156
20111111	1900
20111112	135
20111113	43
20111114	1693
20111115	1474
20111116	1244
20111117	1332
20111118	1259
20111119	104
20111120	77
20111121	2097
20111122	1453
20111123	1260
20111124	1311
20111125	1333
20111126	78
20111127	103
20111128	1634
20111129	1872
20111130	1432
20111201	1576
20111202	1213
20111203	198
20111204	197
20111205	1704
20111206	1536
20111207	1403
20111208	2248
20111209	1249
20111210	65
20111211	60
20111212	1481
20111213	1537
20111214	1486
20111215	1141
20111216	1068
20111217	196
20111218	46
20111219	2049
20111220	1369
20111221	1401
20111222	1203
20111223	998
20111224	45
20111225	28
20111226	53
20111227	74
20111228	1270
20111229	998
20111230	1080
20111231	146
20120101	2264
20120102	61
20120103	1794
20120104	1314
20120105	2417
20120106	1725
20120107	105
20120108	63
20120109	1618
20120110	1553
20120111	1541
20120112	1364
20120113	1390
20120114	96
20120115	55
20120116	1541
20120117	1354
20120118	1144
20120119	2271
20120120	1497
20120121	210
20120122	172
20120123	1571
20120124	1678
20120125	1662
20120126	1302
20120127	1319
20120128	237
20120129	77
20120130	2141
20120131	1492
20120201	1631
20120202	1551
20120203	1444
20120204	69
20120205	150
20120206	1679
20120207	1508
20120208	1427
20120209	1472
20120210	1362
20120211	194
20120212	60
20120213	1815
20120214	1466
20120215	1311
20120216	1458
20120217	1563
20120218	315
20120219	52
20120220	1773
20120221	1909
20120222	1293
20120223	2150
20120224	1346
20120225	95
20120226	51
20120227	1539
20120228	1490
20120229	1217
20120301	1599
20120302	1473
20120303	80
20120304	33
20120305	1682
20120306	2053
20120307	1502
20120308	1845
20120309	1656
20120310	159
20120311	62
20120312	1890
20120313	2097
20120314	1398
20120315	1291
20120316	1203
20120317	461
20120318	47
20120319	1920
20120320	1585
20120321	1434
20120322	1451
20120323	1388
20120324	88
20120325	507
20120326	1605
20120327	1650
20120328	1317
20120329	1135
20120330	1355
20120331	95
20120401	331
20120402	1678
20120403	1394
20120404	1288
20120405	1455
20120406	501
20120407	46
20120408	40
20120409	152
20120410	1387
20120411	1698
20120412	1773
20120413	1535
20120414	89
20120415	60
20120416	2295
20120417	2184
20120418	1848
20120419	1787
20120420	1485
20120421	113
20120422	73
20120423	2074
20120424	1524
20120425	1535
20120426	1282
20120427	2370
20120428	186
20120429	53
20120430	1795
20120501	1953
20120502	1492
20120503	1408
20120504	1425
20120505	300
20120506	55
20120507	74
20120508	1699
20120509	1657
20120510	1526
20120511	1365
20120512	111
20120513	116
20120514	1833
20120515	1382
20120516	1525
20120517	2058
20120518	1640
20120519	69
20120520	75
20120521	2093
20120522	1373
20120523	1280
20120524	1367
20120525	1285
20120526	138
20120527	66
20120528	1717
20120529	1807
20120530	1442
20120531	1379
20120601	1186
20120602	50
20120603	61
20120604	67
20120605	54
20120606	1201
20120607	1462
20120608	1268
20120609	85
20120610	46
20120611	1392
20120612	1861
20120613	1543
20120614	1417
20120615	1641
20120616	263
20120617	99
20120618	2411
20120619	1719
20120620	1716
20120621	1228
20120622	1399
20120623	217
20120624	39
20120625	1599
20120626	1558
20120627	1648
20120628	1607
20120629	1229
20120630	145
20120701	666
20120702	2297
20120703	1796
20120704	1382
20120705	1334
20120706	1524
20120707	141
20120708	57
20120709	1444
20120710	1600
20120711	1296
20120712	2032
20120713	1523
20120714	61
20120715	64
20120716	1742
20120717	1501
20120718	1092
20120719	1206
20120720	1413
20120721	61
20120722	60
20120723	2478
20120724	1661
20120725	1325
20120726	1516
20120727	1540
20120728	74
20120729	64
20120730	1917
20120731	2071
20120801	2792
20120802	1622
20120803	1244
20120804	111
20120805	57
20120806	1310
20120807	1499
20120808	1213
20120809	1034
20120810	982
20120811	84
20120812	72
20120813	1530
20120814	1545
20120815	1085
20120816	1319
20120817	1087
20120818	144
20120819	38
20120820	1742
20120821	1440
20120822	1081
20120823	1325
20120824	1117
20120825	79
20120826	35
20120827	76
20120828	1556
20120829	1538
20120830	1392
20120831	1218
20120901	201
20120902	276
20120903	2557
20120904	1855
20120905	1517
20120906	1179
20120907	1163
20120908	62
20120909	52
20120910	1560
20120911	1435
20120912	1788
20120913	1425
20120914	1183
20120915	68
20120916	51
20120917	1489
20120918	1462
20120919	1407
20120920	1676
20120921	1664
20120922	76
20120923	47
20120924	1905
20120925	1643
20120926	1119
20120927	1093
20120928	1214
20120929	217
20120930	49
20121001	1823
20121002	1639
20121003	1512
20121004	1196
20121005	1386
20121006	69
20121007	55
20121008	1508
20121009	1474
20121010	1465
20121011	1262
20121012	1219
20121013	200
20121014	62
20121015	1754
20121016	1556
20121017	1198
20121018	1625
20121019	1205
20121020	93
20121021	40
20121022	1610
20121023	1932
20121024	1264
20121025	1363
20121026	1273
20121027	72
20121028	69
20121029	1623
20121030	1419
20121031	1465
20121101	1510
20121102	1157
20121103	512
20121104	57
20121105	1468
20121106	1387
20121107	1575
20121108	1349
20121109	1466
20121110	183
20121111	292
20121112	1931
20121113	1599
20121114	1338
20121115	1539
20121116	1238
20121117	202
20121118	57
20121119	1833
20121120	2165
20121121	1468
20121122	1577
20121123	2259
20121124	202
20121125	55
20121126	1723
20121127	1684
20121128	1301
20121129	1150
20121130	1181
20121201	280
20121202	51
20121203	1788
20121204	1882
20121205	1385
20121206	1366
20121207	1197
20121208	1077
20121209	48
20121210	1743
20121211	1512
20121212	1199
20121213	1407
20121214	1103
20121215	138
20121216	47
20121217	1715
20121218	1430
20121219	1184
20121220	1602
20121221	1271
20121222	126
20121223	66
20121224	1056
20121225	267
20121226	105
20121227	1621
20121228	1166
20121229	62
20121230	47
20121231	1218
20130101	2693
20130102	1231
20130103	1469
20130104	1428
20130105	75
20130106	67
20130107	2206
20130108	1590
20130109	1368
20130110	2190
20130111	1407
20130112	74
20130113	285
20130114	1804
20130115	2437
20130116	1995
20130117	1290
20130118	1419
20130119	100
20130120	57
20130121	1839
20130122	1842
20130123	1535
20130124	1375
20130125	1670
20130126	53
20130127	182
20130128	1622
20130129	1584
20130130	1393
20130131	1335
20130201	1571
20130202	74
20130203	43
20130204	1851
20130205	1766
20130206	1840
20130207	1822
20130208	1693
20130209	67
20130210	70
20130211	1875
20130212	2092
20130213	1282
20130214	1220
20130215	1140
20130216	75
20130217	60
20130218	1885
20130219	1842
20130220	1354
20130221	1745
20130222	1533
20130223	91
20130224	39
20130225	2136
20130226	1706
20130227	1592
20130228	1484
20130301	1467
20130302	86
20130303	131
20130304	1737
20130305	1734
20130306	1341
20130307	1574
20130308	1247
20130309	148
20130310	88
20130311	1566
20130312	1564
20130313	1842
20130314	1850
20130315	1466
20130316	155
20130317	169
20130318	1810
20130319	2129
20130320	1271
20130321	1381
20130322	1576
20130323	77
20130324	134
20130325	1666
20130326	1593
20130327	1491
20130328	1207
20130329	53
20130330	52
20130331	55
20130401	177
20130402	1496
20130403	1531
20130404	1371
20130405	2507
20130406	88
20130407	119
20130408	2841
20130409	1580
20130410	2216
20130411	1429
20130412	1605
20130413	61
20130414	62
20130415	2111
20130416	1598
20130417	1291
20130418	1485
20130419	2751
20130420	88
20130421	91
20130422	2046
20130423	2729
20130424	2003
20130425	1399
20130426	1279
20130427	104
20130428	223
20130429	2353
20130430	1427
20130501	1557
20130502	1611
20130503	1303
20130504	247
20130505	45
20130506	58
20130507	1656
20130508	1492
20130509	1191
20130510	1259
20130511	97
20130512	54
20130513	1950
20130514	1570
20130515	1429
20130516	1243
20130517	1202
20130518	280
20130519	40
20130520	2289
20130521	1447
20130522	1312
20130523	1623
20130524	1461
20130525	169
20130526	54
20130527	58
20130528	1415
20130529	1581
20130530	2716
20130531	1394
20130601	212
20130602	34
20130603	2134
20130604	1377
20130605	1304
20130606	2361
20130607	1644
20130608	138
20130609	59
20130610	2350
20130611	1585
20130612	1636
20130613	2028
20130614	1498
20130615	211
20130616	40
20130617	1697
20130618	1797
20130619	1867
20130620	1437
20130621	1386
20130622	80
20130623	162
20130624	1627
20130625	1319
20130626	1718
20130627	1222
20130628	1239
20130629	76
20130630	57
20130701	1855
20130702	1278
20130703	1810
20130704	1425
20130705	1402
20130706	60
20130707	43
20130708	2011
20130709	1628
20130710	1387
20130711	1320
20130712	1520
20130713	65
20130714	56
20130715	2286
20130716	1193
20130717	1250
20130718	1212
20130719	1364
20130720	83
20130721	47
20130722	1831
20130723	1543
20130724	1338
20130725	1084
20130726	1714
20130727	68
20130728	29
20130729	1491
20130730	2210
20130731	1323
20130801	1599
20130802	1241
20130803	311
20130804	45
20130805	1274
20130806	1361
20130807	1195
20130808	985
20130809	1243
20130810	135
20130811	48
20130812	1253
20130813	1583
20130814	1230
20130815	1577
20130816	1158
20130817	219
20130818	54
20130819	1552
20130820	1330
20130821	1400
20130822	1348
20130823	1243
20130824	48
20130825	30
20130826	414
20130827	1711
20130828	1269
20130829	1743
20130830	1319
20130831	155
20130901	214
20130902	1477
20130903	1349
20130904	1252
20130905	1587
20130906	1052
20130907	48
20130908	113
20130909	1559
20130910	1710
20130911	1558
20130912	1450
20130913	1367
20130914	73
20130915	56
20130916	1549
20130917	1794
20130918	1071
20130919	1398
20130920	1649
20130921	126
20130922	45
20130923	2265
20130924	1655
20130925	2109
20130926	1135
20130927	1469
20130928	78
20130929	198
20130930	1808
20131001	1843
20131002	1283
20131003	1910
20131004	1255
20131005	377
20131006	59
20131007	1540
20131008	2173
20131009	1493
20131010	2405
20131011	1772
20131012	264
20131013	297
20131014	1605
20131015	1423
20131016	1328
20131017	1713
20131018	1968
20131019	67
20131020	50
20131021	1940
20131022	2288
20131023	1273
20131024	1886
20131025	1195
20131026	52
20131027	107
20131028	1524
20131029	1673
20131030	1259
20131031	1434
20131101	1660
20131102	147
20131103	178
20131104	2007
20131105	1448
20131106	1737
20131107	1746
20131108	1434
20131109	55
20131110	48
20131111	1855
20131112	1650
20131113	1254
20131114	1614
20131115	2081
20131116	83
20131117	63
20131118	1855
20131119	1335
20131120	1270
20131121	1225
20131122	1835
20131123	65
20131124	285
20131125	1753
20131126	1399
20131127	1190
20131128	1603
20131129	1441
20131130	75
20131201	815
20131202	2004
20131203	1657
20131204	1216
20131205	1257
20131206	1340
20131207	409
20131208	54
20131209	1565
20131210	1530
20131211	1365
20131212	1537
20131213	2009
20131214	205
20131215	91
20131216	1747
20131217	1373
20131218	1678
20131219	1652
20131220	1864
20131221	56
20131222	49
20131223	2194
20131224	1365
20131225	35
20131226	297
20131227	1046
20131228	72
20131229	64
20131230	1556
20131231	1295
20140101	2744
20140102	1602
20140103	1456
20140104	102
20140105	101
20140106	1694
20140107	1483
20140108	1532
20140109	1537
20140110	1287
20140111	377
20140112	52
20140113	2237
20140114	2199
20140115	1625
20140116	1649
20140117	1471
20140118	96
20140119	65
20140120	1533
20140121	1886
20140122	1451
20140123	1455
20140124	1422
20140125	84
20140126	44
20140127	1630
20140128	1596
20140129	1396
20140130	1481
20140131	1314
20140201	153
20140202	188
20140203	1722
20140204	1863
20140205	1608
20140206	1538
20140207	1326
20140208	92
20140209	96
20140210	2184
20140211	1690
20140212	1476
20140213	1753
20140214	1347
20140215	62
20140216	174
20140217	1938
20140218	1523
20140219	1503
20140220	1271
20140221	1163
20140222	86
20140223	228
20140224	1837
20140225	1385
20140226	1737
20140227	2059
20140228	1298
20140301	487
20140302	60
20140303	2354
20140304	1564
20140305	1908
20140306	1688
20140307	1454
20140308	93
20140309	58
20140310	2576
20140311	1871
20140312	1527
20140313	2065
20140314	1464
20140315	157
20140316	49
20140317	1611
20140318	2092
20140319	1993
20140320	1605
20140321	1551
20140322	103
20140323	76
20140324	1603
20140325	1511
20140326	1443
20140327	1535
20140328	1248
20140329	148
20140330	50
20140331	2169
20140401	2111
20140402	1750
20140403	1555
20140404	1741
20140405	77
20140406	121
20140407	2441
20140408	1653
20140409	1472
20140410	1421
20140411	1249
20140412	90
20140413	45
20140414	1616
20140415	1526
20140416	1516
20140417	1284
20140418	185
20140419	178
20140420	364
20140421	55
20140422	1759
20140423	1364
20140424	1340
20140425	1436
20140426	91
20140427	63
20140428	2363
20140429	1983
20140430	2135
20140501	2051
20140502	1465
20140503	68
20140504	60
20140505	73
20140506	1762
20140507	1526
20140508	2022
20140509	1698
20140510	93
20140511	55
20140512	1972
20140513	1604
20140514	1444
20140515	1242
20140516	1560
20140517	436
20140518	301
20140519	2456
20140520	1892
20140521	1581
20140522	1696
20140523	1677
20140524	202
20140525	51
20140526	267
20140527	1411
20140528	1539
20140529	1420
20140530	1578
20140531	129
20140601	142
20140602	1800
20140603	1623
20140604	1605
20140605	1353
20140606	1269
20140607	71
20140608	111
20140609	1627
20140610	1863
20140611	1328
20140612	1395
20140613	1862
20140614	242
20140615	38
20140616	1927
20140617	1454
20140618	1484
20140619	1286
20140620	1748
20140621	66
20140622	67
20140623	1642
20140624	2813
20140625	1638
20140626	1655
20140627	1436
20140628	64
20140629	175
20140630	1570
20140701	2635
20140702	2225
20140703	2355
20140704	2166
20140705	65
20140706	51
20140707	2582
20140708	1462
20140709	1574
20140710	1442
20140711	1846
20140712	222
20140713	50
20140714	1687
20140715	1471
20140716	1074
20140717	1307
20140718	1694
20140719	66
20140720	42
20140721	1432
20140722	1801
20140723	1833
20140724	2459
20140725	1729
20140726	224
20140727	62
20140728	1545
20140729	1745
20140730	1572
20140731	2816
20140801	1162
20140802	197
20140803	132
20140804	1452
20140805	1426
20140806	1719
20140807	1272
20140808	1392
20140809	87
20140810	107
20140811	1861
20140812	2346
20140813	1447
20140814	1430
20140815	1572
20140816	75
20140817	74
20140818	1773
20140819	1140
20140820	1240
20140821	1530
20140822	1167
20140823	51
20140824	48
20140825	345
20140826	1503
20140827	2188
20140828	1684
20140829	1228
20140830	136
20140831	45
20140901	1459
20140902	1711
20140903	1577
20140904	2310
20140905	1202
20140906	378
20140907	160
20140908	1929
20140909	1758
20140910	1376
20140911	1430
20140912	1370
20140913	80
20140914	52
20140915	1929
20140916	1674
20140917	1323
20140918	1958
20140919	1396
20140920	78
20140921	105
20140922	2062
20140923	1838
20140924	1467
20140925	1454
20140926	1125
20140927	75
20140928	152
20140929	1604
20140930	1522
20141001	1802
20141002	1529
20141003	1820
20141004	66
20141005	156
20141006	1929
20141007	1544
20141008	2112
20141009	1754
20141010	1582
20141011	226
20141012	56
20141013	1853
20141014	1926
20141015	1658
20141016	1341
20141017	1634
20141018	177
20141019	50
20141020	1493
20141021	1679
20141022	1440
20141023	1926
20141024	1611
20141025	81
20141026	116
20141027	1603
20141028	1894
20141029	1256
20141030	1540
20141031	1391
20141101	176
20141102	227
20141103	2401
20141104	1486
20141105	2579
20141106	1775
20141107	1360
20141108	679
20141109	61
20141110	1802
20141111	2519
20141112	1360
20141113	1964
20141114	1512
20141115	83
20141116	43
20141117	3059
20141118	1874
20141119	1662
20141120	1816
20141121	1753
20141122	100
20141123	60
20141124	2183
20141125	2269
20141126	1672
20141127	1679
20141128	1936
20141129	108
20141130	48
20141201	1768
20141202	1503
20141203	1325
20141204	1708
20141205	1220
20141206	101
20141207	61
20141208	2081
20141209	1831
20141210	1302
20141211	1603
20141212	1301
20141213	131
20141214	131
20141215	1980
20141216	1603
20141217	1576
20141218	1898
20141219	1692
20141220	347
20141221	161
20141222	1878
20141223	1701
20141224	831
20141225	45
20141226	38
20141227	134
20141228	40
20141229	2291
20141230	1410
20141231	2009
20150101	2263
20150102	1196
20150103	1403
20150104	68
20150105	1752
20150106	1706
20150107	1699
20150108	1643
20150109	2276
20150110	87
20150111	34
20150112	2560
20150113	1606
20150114	1950
20150115	2371
20150116	1553
20150117	157
20150118	388
20150119	2164
20150120	1794
20150121	1685
20150122	2209
20150123	1338
20150124	94
20150125	57
20150126	1996
20150127	2051
20150128	2355
20150129	1142
20150130	1243
20150131	91
20150201	285
20150202	2051
20150203	2014
20150204	1466
20150205	2382
20150206	1601
20150207	175
20150208	286
20150209	2254
20150210	1871
20150211	1854
20150212	1548
20150213	1736
20150214	551
20150215	157
20150216	2113
20150217	1556
20150218	2040
20150219	1771
20150220	1197
20150221	286
20150222	123
20150223	1572
20150224	1892
20150225	1866
20150226	1567
20150227	1632
20150228	95
20150301	450
20150302	1996
20150303	1775
20150304	1442
20150305	1424
20150306	1569
20150307	312
20150308	118
20150309	2669
20150310	2046
20150311	2335
20150312	1517
20150313	1582
20150314	166
20150315	144
20150316	1932
20150317	2199
20150318	1925
20150319	2172
20150320	1519
20150321	114
20150322	68
20150323	2112
20150324	2048
20150325	1983
20150326	1925
20150327	1932
20150328	90
20150329	54
20150330	1765
20150331	1953
20150401	2637
20150402	1286
20150403	167
20150404	253
20150405	149
20150406	246
20150407	2179
20150408	1969
20150409	1705
20150410	1596
20150411	217
20150412	64
20150413	1554
20150414	1941
20150415	2617
20150416	1606
20150417	1592
20150418	81
20150419	135
20150420	1729
20150421	1868
20150422	2017
20150423	2487
20150424	1433
20150425	195
20150426	70
20150427	1748
20150428	1959
20150429	1455
20150430	2532
20150501	1833
20150502	70
20150503	60
20150504	57
20150505	2051
20150506	1628
20150507	2326
20150508	1640
20150509	99
20150510	62
20150511	1978
20150512	1527
20150513	1607
20150514	1514
20150515	1496
20150516	100
20150517	190
20150518	2628
20150519	2523
20150520	2706
20150521	1625
20150522	1520
20150523	84
20150524	79
20150525	62
20150526	1617
20150527	1759
20150528	1273
20150529	1199
20150530	75
20150531	52
20150601	2193
20150602	1447
20150603	1508
20150604	2058
20150605	1167
20150606	97
20150607	141
20150608	2064
20150609	2090
20150610	1388
20150611	1599
20150612	1462
20150613	651
20150614	63
20150615	2003
20150616	2228
20150617	1648
20150618	1695
20150619	1393
20150620	196
20150621	68
20150622	1801
20150623	1521
20150624	1376
20150625	1552
20150626	1536
20150627	103
20150628	62
20150629	2206
20150630	1415
20150701	1875
20150702	1459
20150703	1337
20150704	179
20150705	104
20150706	1669
20150707	1680
20150708	2802
20150709	1333
20150710	1563
20150711	648
20150712	71
20150713	1679
20150714	1483
20150715	2444
20150716	1770
20150717	1411
20150718	65
20150719	76
20150720	1846
20150721	1554
20150722	1487
20150723	1670
20150724	1306
20150725	80
20150726	53
20150727	1804
20150728	2671
20150729	1326
20150730	1316
20150731	1119
20150801	354
20150802	282
20150803	1900
20150804	1839
20150805	1528
20150806	1371
20150807	1175
20150808	196
20150809	51
20150810	1770
20150811	1286
20150812	1903
20150813	1284
20150814	1151
20150815	65
20150816	122
20150817	1859
20150818	1974
20150819	1604
20150820	1268
20150821	1207
20150822	82
20150823	66
20150824	1967
20150825	1459
20150826	1482
20150827	2061
20150828	1226
20150829	84
20150830	51
20150831	74
20150901	3631
20150902	1636
20150903	1538
20150904	1160
20150905	185
20150906	226
20150907	2655
20150908	1485
20150909	1562
20150910	1523
20150911	1890
20150912	165
20150913	49
20150914	2040
20150915	1590
20150916	1514
20150917	1639
20150918	1423
20150919	108
20150920	83
20150921	2020
20150922	2160
20150923	1322
20150924	1606
20150925	1978
20150926	53
20150927	66
20150928	2001
20150929	1388
20150930	1544
20151001	1944
20151002	1470
20151003	245
20151004	70
20151005	1755
20151006	1608
20151007	1519
20151008	1761
20151009	1351
20151010	153
20151011	262
20151012	1738
20151013	1920
20151014	1499
20151015	1665
20151016	1500
20151017	88
20151018	188
20151019	1927
20151020	1544
20151021	1719
20151022	1385
20151023	1356
20151024	342
20151025	179
20151026	2936
20151027	1884
20151028	1896
20151029	1524
20151030	1146
20151031	129
20151101	162
20151102	1704
20151103	1512
20151104	1582
20151105	1460
20151106	1747
20151107	86
20151108	55
20151109	1973
20151110	1285
20151111	2820
20151112	1902
20151113	1412
20151114	86
20151115	225
20151116	1672
20151117	2034
20151118	2122
20151119	1895
20151120	1467
20151121	173
20151122	55
20151123	1823
20151124	1782
20151125	1384
20151126	1567
20151127	1450
20151128	94
20151129	58
20151130	1878
20151201	2390
20151202	2178
20151203	1820
20151204	1448
20151205	78
20151206	65
20151207	2086
20151208	1953
20151209	1587
20151210	2030
20151211	1828
20151212	70
20151213	205
20151214	1463
20151215	2075
20151216	1458
20151217	1307
20151218	1354
20151219	165
20151220	60
20151221	1535
20151222	1468
20151223	1381
20151224	936
20151225	377
20151226	46
20151227	114
20151228	385
20151229	1369
20151230	1181
20151231	1058
20160101	1810
20160102	195
20160103	107
20160104	1797
20160105	2011
20160106	1504
20160107	1562
20160108	2106
20160109	115
20160110	67
20160111	1989
20160112	1940
20160113	2016
20160114	1615
20160115	1851
20160116	258
20160117	41
20160118	1863
20160119	1990
20160120	1487
20160121	1475
20160122	1401
20160123	124
20160124	63
20160125	1916
20160126	1738
20160127	1406
20160128	1564
20160129	1320
20160130	403
20160131	74
20160201	1945
20160202	1905
20160203	1419
20160204	1680
20160205	1763
20160206	149
20160207	87
20160208	2483
20160209	2161
20160210	2102
20160211	1878
20160212	1450
20160213	121
20160214	53
20160215	1975
20160216	1743
20160217	1632
20160218	2101
20160219	1576
20160220	151
20160221	59
20160222	1943
20160223	1813
20160224	1760
20160225	1468
20160226	1649
20160227	101
20160228	82
20160229	1845
20160301	2089
20160302	1369
20160303	1879
20160304	1454
20160305	122
20160306	60
20160307	2287
20160308	1966
20160309	1660
20160310	1578
20160311	1561
20160312	100
20160313	64
20160314	2039
20160315	1528
20160316	1600
20160317	1572
20160318	1651
20160319	79
20160320	178
20160321	1836
20160322	2008
20160323	1682
20160324	1642
20160325	199
20160326	70
20160327	165
20160328	52
20160329	2152
20160330	1898
20160331	1631
20160401	1577
20160402	107
20160403	65
20160404	2260
20160405	2115
20160406	1818
20160407	1895
20160408	1355
20160409	262
20160410	164
20160411	2581
20160412	1879
20160413	1673
20160414	1784
20160415	1361
20160416	132
20160417	62
20160418	1929
20160419	1752
20160420	2073
20160421	1463
20160422	1452
20160423	114
20160424	70
20160425	1923
20160426	1897
20160427	1533
20160428	1726
20160429	1243
20160430	110
20160501	162
20160502	112
20160503	2008
20160504	1803
20160505	1556
20160506	1935
20160507	113
20160508	818
20160509	2217
20160510	1991
20160511	1315
20160512	1886
20160513	1620
20160514	88
20160515	65
20160516	2294
20160517	2085
20160518	2231
20160519	2064
20160520	1623
20160521	191
20160522	112
20160523	1895
20160524	1901
20160525	1472
20160526	2482
20160527	1782
20160528	86
20160529	60
20160530	111
20160531	1716
20160601	1570
20160602	1799
20160603	1871
20160604	154
20160605	218
20160606	2277
20160607	1655
20160608	1756
20160609	1651
20160610	1559
20160611	69
20160612	55
20160613	2332
20160614	1661
20160615	2018
20160616	1657
20160617	1573
20160618	99
20160619	50
20160620	1819
20160621	1582
20160622	1494
20160623	1475
20160624	1347
20160625	88
20160626	83
20160627	1741
20160628	2450
20160629	1322
20160630	1541
20160701	1636
20160702	104
20160703	181
20160704	2235
20160705	1523
20160706	1795
20160707	1610
20160708	1417
20160709	159
20160710	48
20160711	3445
20160712	1923
20160713	1845
20160714	1596
20160715	1713
20160716	73
20160717	103
20160718	2081
20160719	1688
20160720	1469
20160721	1841
20160722	1420
20160723	184
20160724	71
20160725	1670
20160726	1675
20160727	2260
20160728	1483
20160729	1385
20160730	60
20160731	57
20160801	2218
20160802	1862
20160803	1447
20160804	1940
20160805	1200
20160806	218
20160807	50
20160808	2042
20160809	1608
20160810	2119
20160811	1948
20160812	1375
20160813	139
20160814	55
20160815	1961
20160816	1669
20160817	1569
20160818	1979
20160819	1176
20160820	85
20160821	55
20160822	2039
20160823	2426
20160824	1414
20160825	1621
20160826	1267
20160827	139
20160828	323
20160829	62
20160830	1791
20160831	1761
20160901	2406
20160902	1580
20160903	79
20160904	156
20160905	1942
20160906	1489
20160907	2052
20160908	1562
20160909	1358
20160910	71
20160911	48
20160912	1593
20160913	1512
20160914	1541
20160915	1633
20160916	1546
20160917	63
20160918	51
20160919	1702
20160920	1595
20160921	1754
20160922	1989
20160923	1262
20160924	101
20160925	421
20160926	2065
20160927	1571
20160928	1643
20160929	1566
20160930	1618
20161001	685
20161002	119
20161003	2513
20161004	1643
20161005	1716
20161006	1865
20161007	1720
20161008	275
20161009	82
20161010	2079
20161011	2211
20161012	2228
20161013	1691
20161014	2214
20161015	135
20161016	146
20161017	2440
20161018	2297
20161019	1606
20161020	2014
20161021	1453
20161022	89
20161023	172
20161024	2662
20161025	1494
20161026	1498
20161027	1750
20161028	2151
20161029	86
20161030	95
20161031	1872
20161101	2011
20161102	1493
20161103	1724
20161104	1587
20161105	105
20161106	292
20161107	1786
20161108	1789
20161109	1423
20161110	2188
20161111	1530
20161112	243
20161113	129
20161114	2652
20161115	1965
20161116	1529
20161117	2070
20161118	1503
20161119	201
20161120	312
20161121	2405
20161122	1448
20161123	1970
20161124	2320
20161125	1576
20161126	108
20161127	66
20161128	1989
20161129	1793
20161130	1329
20161201	1950
20161202	1721
20161203	112
20161204	135
20161205	2394
20161206	2138
20161207	2065
20161208	2448
20161209	1390
20161210	302
20161211	59
20161212	2157
20161213	2125
20161214	1803
20161215	1754
20161216	1555
20161217	361
20161218	498
20161219	1988
20161220	2404
20161221	1373
20161222	2711
20161223	1708
20161224	75
20161225	388
20161226	63
20161227	143
20161228	1283
20161229	2120
20161230	1392
20161231	91
20170101	1699
20170102	139
20170103	2709
20170104	1642
20170105	1818
20170106	2000
20170107	181
20170108	63
20170109	2577
20170110	2312
20170111	2305
20170112	1935
20170113	2178
20170114	88
20170115	315
20170116	2827
20170117	2185
20170118	1619
20170119	1746
20170120	2019
20170121	169
20170122	118
20170123	2099
20170124	1685
20170125	1943
20170126	1680
20170127	1853
20170128	175
20170129	432
20170130	3453
20170131	2258
20170201	2938
20170202	2096
20170203	2617
20170204	99
20170205	543
20170206	2346
20170207	2725
20170208	1769
20170209	2110
20170210	1917
20170211	249
20170212	478
20170213	3386
20170214	1702
20170215	2316
20170216	2493
20170217	1808
20170218	128
20170219	75
20170220	2417
20170221	2496
20170222	2931
20170223	1988
20170224	1966
20170225	498
20170226	98
20170227	2238
20170228	1849
20170301	2596
20170302	2279
20170303	1610
20170304	101
20170305	62
20170306	2098
20170307	2013
20170308	1809
20170309	2683
20170310	1737
20170311	177
20170312	108
20170313	1837
20170314	1714
20170315	1665
20170316	1386
20170317	1569
20170318	112
20170319	250
20170320	2102
20170321	2105
20170322	1954
20170323	1844
20170324	1985
20170325	160
20170326	54
20170327	2355
20170328	2248
20170329	2350
20170330	1630
20170331	1594
20170401	244
20170402	106
20170403	2588
20170404	1977
20170405	1889
20170406	3034
20170407	1347
20170408	194
20170409	56
20170410	2469
20170411	2349
20170412	1824
20170413	1800
20170414	180
20170415	69
20170416	159
20170417	67
20170418	1760
20170419	1887
20170420	2106
20170421	1852
20170422	176
20170423	263
20170424	2195
20170425	1813
20170426	2474
20170427	1789
20170428	1849
20170429	206
20170430	91
20170501	376
20170502	2037
20170503	1571
20170504	2246
20170505	1802
20170506	263
20170507	72
20170508	2273
20170509	2118
20170510	3750
20170511	2101
20170512	1403
20170513	151
20170514	56
20170515	2846
20170516	2233
20170517	2602
20170518	1985
20170519	1603
20170520	119
20170521	35
20170522	2531
20170523	1612
20170524	1369
20170525	1537
20170526	1327
20170527	90
20170528	61
20170529	84
20170530	2002
20170531	1663
20170601	2251
20170602	2123
20170603	520
20170604	81
20170605	1999
20170606	1720
20170607	1516
20170608	1716
20170609	1940
20170610	110
20170611	44
20170612	2608
20170613	1383
20170614	1850
20170615	3367
20170616	1595
20170617	281
20170618	359
20170619	2229
20170620	2721
20170621	2171
20170622	2358
20170623	1551
20170624	150
20170625	141
20170626	2562
20170627	1599
20170628	1533
20170629	1954
20170630	1402
20170701	307
20170702	144
20170703	2249
20170704	2282
20170705	1839
20170706	2173
20170707	2740
20170708	110
20170709	684
20170710	2461
20170711	2286
20170712	2451
20170713	2448
20170714	2447
20170715	424
20170716	55
20170717	3216
20170718	2163
20170719	2273
20170720	2111
20170721	2523
20170722	127
20170723	175
20170724	2360
20170725	1938
20170726	1512
20170727	2302
20170728	1329
20170729	135
20170730	157
20170731	2328
20170801	2494
20170802	1726
20170803	1420
20170804	1689
20170805	160
20170806	61
20170807	2116
20170808	2515
20170809	1547
20170810	2298
20170811	2230
20170812	138
20170813	105
20170814	2336
20170815	1693
20170816	2680
20170817	2051
20170818	1349
20170819	223
20170820	63
20170821	1715
20170822	1701
20170823	1541
20170824	1735
20170825	1890
20170826	211
20170827	196
20170828	89
20170829	1604
20170830	1819
20170831	1967
20170901	2164
20170902	127
20170903	241
20170904	1981
20170905	1648
20170906	1449
20170907	2226
20170908	1699
20170909	293
20170910	520
20170911	1894
20170912	2299
20170913	2206
20170914	2066
20170915	1475
20170916	227
20170917	315
20170918	2152
20170919	2328
20170920	1666
20170921	1501
20170922	2618
20170923	121
20170924	154
20170925	2434
20170926	1886
20170927	1585
20170928	1655
20170929	1845
20170930	121
20171001	275
20171002	2081
20171003	2098
20171004	3647
20171005	2671
20171006	1574
20171007	234
20171008	97
20171009	2180
20171010	2502
20171011	2651
20171012	2193
20171013	1583
20171014	132
20171015	219
20171016	2671
20171017	2048
20171018	2662
20171019	2338
20171020	1628
20171021	190
20171022	80
20171023	1903
20171024	1820
20171025	1485
20171026	1534
20171027	1523
20171028	520
20171029	83
20171030	2324
20171031	2402
20171101	2083
20171102	2200
20171103	1511
20171104	162
20171105	197
20171106	2066
20171107	1709
20171108	2187
20171109	2463
20171110	1541
20171111	229
20171112	86
20171113	2586
20171114	2201
20171115	2157
20171116	3096
20171117	2268
20171118	107
20171119	302
20171120	2337
20171121	1971
20171122	2114
20171123	2170
20171124	2474
20171125	188
20171126	333
20171127	2947
20171128	2223
20171129	2352
20171130	2850
20171201	1965
20171202	141
20171203	72
20171204	1933
20171205	1644
20171206	1482
20171207	1818
20171208	1433
20171209	326
20171210	82
20171211	1944
20171212	2032
20171213	1806
20171214	1953
20171215	1605
20171216	239
20171217	153
20171218	2344
20171219	2319
20171220	1877
20171221	1653
20171222	1411
20171223	105
20171224	281
20171225	238
20171226	295
20171227	1746
20171228	1543
20171229	1496
20171230	83
20171231	51
20180101	766
20180102	2250
20180103	1644
20180104	2603
20180105	1929
20180106	194
20180107	263
20180108	2316
20180109	2166
20180110	2820
20180111	2197
20180112	1931
20180113	243
20180114	75
20180115	3174
20180116	1985
20180117	1807
20180118	1758
20180119	1622
20180120	137
20180121	99
20180122	3140
20180123	2406
20180124	1851
20180125	2124
20180126	1681
20180127	115
20180128	488
20180129	2557
20180130	2234
20180131	1904
20180201	2196
20180202	1950
20180203	244
20180204	126
20180205	2057
20180206	2305
20180207	2190
20180208	2367
20180209	1689
20180210	120
20180211	895
20180212	3012
20180213	2106
20180214	1831
20180215	1757
20180216	1647
20180217	90
20180218	262
20180219	2097
20180220	1824
20180221	2074
20180222	1650
20180223	1902
20180224	180
20180225	103
20180226	3054
20180227	1851
20180228	1729
20180301	2296
20180302	1399
20180303	109
20180304	453
20180305	2666
20180306	4271
20180307	2817
20180308	2188
20180309	1726
20180310	225
20180311	140
20180312	2209
20180313	3132
20180314	2792
20180315	2765
20180316	1559
20180317	416
20180318	327
20180319	2026
20180320	2702
20180321	2466
20180322	2234
20180323	1528
20180324	114
20180325	642
20180326	2790
20180327	2739
20180328	2308
20180329	2850
20180330	297
20180331	219
20180401	1081
20180402	223
20180403	3240
20180404	1559
20180405	1967
20180406	1711
20180407	100
20180408	133
20180409	2481
20180410	2334
20180411	2054
20180412	2208
20180413	2459
20180414	114
20180415	196
20180416	3133
20180417	3155
20180418	2042
20180419	2643
20180420	1810
20180421	401
20180422	754
20180423	3087
20180424	2754
20180425	2355
20180426	3859
20180427	2645
20180428	91
20180429	100
20180430	2945
20180501	2602
20180502	2708
20180503	2486
20180504	2195
20180505	351
20180506	128
20180507	281
20180508	2303
20180509	2079
20180510	3298
20180511	2147
20180512	238
20180513	82
20180514	3449
20180515	2243
20180516	2404
20180517	2381
20180518	2394
20180519	259
20180520	379
20180521	4802
20180522	2400
20180523	1670
20180524	3172
20180525	2672
20180526	267
20180527	82
20180528	156
20180529	2035
20180530	1777
20180531	1970
20180601	2028
20180602	107
20180603	470
20180604	2365
20180605	2295
20180606	2083
20180607	2079
20180608	1856
20180609	104
20180610	76
20180611	2890
20180612	2111
20180613	2505
20180614	2616
20180615	1502
20180616	107
20180617	226
20180618	2094
20180619	2544
20180620	1652
20180621	2640
20180622	1650
20180623	122
20180624	153
20180625	2753
20180626	2388
20180627	1922
20180628	1972
20180629	1874
20180630	178
20180701	326
20180702	2116
20180703	2672
20180704	2287
20180705	2097
20180706	1830
20180707	92
20180708	211
20180709	2807
20180710	1930
20180711	2181
20180712	2155
20180713	2267
20180714	176
20180715	72
20180716	2072
20180717	2275
20180718	2070
20180719	1822
20180720	2343
20180721	282
20180722	239
20180723	3876
20180724	2113
20180725	1911
20180726	2264
20180727	1404
20180728	354
20180729	92
20180730	2636
20180731	2171
20180801	2425
20180802	2995
20180803	1724
20180804	160
20180805	70
20180806	2751
20180807	1802
20180808	1931
20180809	1811
20180810	1484
20180811	947
20180812	61
20180813	2585
20180814	2970
20180815	2080
20180816	2890
20180817	1536
20180818	439
20180819	209
20180820	2993
20180821	2236
20180822	1895
20180823	2599
20180824	1382
20180825	95
20180826	62
20180827	163
20180828	1784
20180829	1675
20180830	1731
20180831	2937
20180901	433
20180902	128
20180903	1585
20180904	1776
20180905	2334
20180906	2218
20180907	1675
20180908	132
20180909	71
20180910	2402
20180911	1806
20180912	1514
20180913	1887
20180914	1749
20180915	242
20180916	57
20180917	2333
20180918	1868
20180919	1805
20180920	1869
20180921	1693
20180922	141
20180923	71
20180924	1967
20180925	2207
20180926	2479
20180927	2393
20180928	1267
20180929	143
20180930	114
20181001	2149
20181002	2232
20181003	1711
20181004	2769
20181005	1945
20181006	437
20181007	78
20181008	2547
20181009	1982
20181010	1755
20181011	2153
20181012	2053
20181013	264
20181014	225
20181015	2184
20181016	2227
20181017	2065
20181018	2672
20181019	1715
20181020	194
20181021	107
20181022	2056
20181023	2352
20181024	1496
20181025	2591
20181026	1283
20181027	163
20181028	87
20181029	2465
20181030	1786
20181031	1565
20181101	2156
20181102	1810
20181103	168
20181104	199
20181105	2001
20181106	1867
20181107	2296
20181108	1985
20181109	1491
20181110	108
20181111	96
20181112	1876
20181113	2006
20181114	1845
20181115	2541
20181116	1703
20181117	126
20181118	175
20181119	2032
20181120	1886
20181121	1521
20181122	2064
20181123	1411
20181124	246
20181125	102
20181126	1955
20181127	1996
20181128	1745
20181129	2057
20181130	1675
20181201	521
20181202	84
20181203	2116
20181204	1840
20181205	2535
20181206	1996
20181207	1651
20181208	253
20181209	330
20181210	2092
20181211	2175
20181212	2076
20181213	2177
20181214	1489
20181215	270
20181216	117
20181217	2093
20181218	2550
20181219	1921
20181220	3136
20181221	2162
20181222	270
20181223	324
20181224	1430
20181225	41
20181226	68
20181227	1572
20181228	2144
20181229	107
20181230	176
20181231	1272
20190101	347
20190102	1378
20190103	2381
20190104	1882
20190105	128
20190106	327
20190107	2173
20190108	3030
20190109	1819
20190110	1970
20190111	1824
20190112	362
20190113	213
20190114	2799
20190115	2042
20190116	1441
20190117	1701
20190118	1516
20190119	356
20190120	129
20190121	2242
20190122	2423
20190123	2126
20190124	2124
20190125	2739
20190126	143
20190127	116
20190128	2222
20190129	2920
20190130	1598
20190131	2842
20190201	1911
20190202	139
20190203	87
20190204	2602
20190205	2357
20190206	1945
20190207	2066
20190208	2206
20190209	157
20190210	330
20190211	3146
20190212	3444
20190213	2478
20190214	2041
20190215	1598
20190216	182
20190217	167
20190218	1938
20190219	2971
20190220	1707
20190221	1922
20190222	1280
20190223	138
20190224	212
20190225	1894
20190226	1904
20190227	2247
20190228	1840
20190301	2041
20190302	376
20190303	168
20190304	2038
20190305	1802
20190306	2009
20190307	2098
20190308	1915
20190309	121
20190310	387
20190311	2028
20190312	2468
20190313	1946
20190314	2174
20190315	2038
20190316	159
20190317	116
20190318	2219
20190319	2309
20190320	2445
20190321	1838
20190322	1647
20190323	183
20190324	249
20190325	2096
20190326	2463
20190327	1844
20190328	1894
20190329	1542
20190330	204
20190331	113
20190401	2703
20190402	1998
20190403	2039
20190404	2163
20190405	2094
20190406	157
20190407	154
20190408	2078
20190409	1865
20190410	1795
20190411	2080
20190412	1486
20190413	313
20190414	106
20190415	2269
20190416	2094
20190417	1667
20190418	1859
20190419	90
20190420	95
20190421	84
20190422	97
20190423	2122
20190424	2228
20190425	1833
20190426	1751
20190427	151
20190428	122
20190429	2041
20190430	2189
20190501	2934
20190502	1700
20190503	1586
20190504	333
20190505	302
20190506	240
20190507	2380
20190508	2051
20190509	1922
20190510	2279
20190511	247
20190512	129
20190513	2833
20190514	1861
20190515	2398
20190516	1954
20190517	1916
20190518	150
20190519	197
20190520	2090
20190521	2049
20190522	2993
20190523	2210
20190524	1746
20190525	101
20190526	153
20190527	114
20190528	2083
20190529	1696
20190530	1776
20190531	2092
20190601	722
20190602	123
20190603	2076
20190604	2114
20190605	1765
20190606	1918
20190607	2124
20190608	212
20190609	164
20190610	2729
20190611	2407
20190612	2771
20190613	1974
20190614	2085
20190615	117
20190616	86
20190617	2300
20190618	2233
20190619	2025
20190620	1923
20190621	1765
20190622	155
20190623	259
20190624	2285
20190625	2681
20190626	2225
20190627	2012
20190628	1761
20190629	156
20190630	173
20190701	2165
20190702	1856
20190703	2165
20190704	2329
20190705	1588
20190706	246
20190707	178
20190708	2754
20190709	1939
20190710	2165
20190711	1963
20190712	2029
20190713	144
20190714	132
20190715	1950
20190716	2124
20190717	1845
20190718	1982
20190719	1774
20190720	135
20190721	262
20190722	2482
20190723	2336
20190724	2479
20190725	1665
20190726	1651
20190727	155
20190728	211
20190729	2126
20190730	1593
20190731	1616
20190801	1925
20190802	1926
20190803	154
20190804	151
20190805	2332
20190806	1993
20190807	2196
20190808	1912
20190809	1653
20190810	371
20190811	663
20190812	1994
20190813	1769
20190814	2008
20190815	2145
20190816	1468
20190817	171
20190818	122
20190819	1943
20190820	2286
20190821	1794
20190822	1668
20190823	1693
20190824	137
20190825	82
20190826	82
20190827	2042
20190828	1684
20190829	1991
20190830	1977
20190831	143
20190901	256
20190902	1930
20190903	2031
20190904	1974
20190905	1861
20190906	1662
20190907	147
20190908	147
20190909	1758
20190910	2014
20190911	2091
20190912	2105
20190913	1924
20190914	195
20190915	100
20190916	2344
20190917	2142
20190918	1814
20190919	1856
20190920	1726
20190921	206
20190922	169
20190923	2105
20190924	2636
20190925	1822
20190926	1939
20190927	2029
20190928	143
20190929	150
20190930	2463
20191001	2198
20191002	1775
20191003	2193
20191004	1725
20191005	236
20191006	124
20191007	2098
20191008	2079
20191009	1863
20191010	1787
20191011	1853
20191012	176
20191013	108
20191014	2356
20191015	2043
20191016	1830
20191017	1839
20191018	1945
20191019	142
20191020	126
20191021	2065
20191022	1925
20191023	1681
20191024	2018
20191025	1568
20191026	362
20191027	96
20191028	2192
20191029	1985
20191030	2356
20191031	1827
20191101	2560
20191102	174
20191103	116
20191104	2145
20191105	1491
20191106	1906
20191107	2248
20191108	1800
20191109	262
20191110	287
20191111	2340
20191112	1999
20191113	2662
20191114	2518
20191115	1861
20191116	319
20191117	116
20191118	1888
20191119	2560
20191120	2729
20191121	2841
20191122	1927
20191123	226
20191124	112
20191125	2570
20191126	2437
20191127	2963
20191128	2236
20191129	2146
20191130	168
20191201	162
20191202	2263
20191203	2593
20191204	2659
20191205	2442
20191206	2211
20191207	158
20191208	186
20191209	2174
20191210	2772
20191211	2513
20191212	1792
20191213	1980
20191214	216
20191215	228
20191216	2451
20191217	2643
20191218	2717
20191219	2263
20191220	1861
20191221	160
20191222	176
20191223	2057
20191224	1297
20191225	65
20191226	71
20191227	1995
20191228	139
20191229	100
20191230	2118
20191231	1516
20200101	121
20200102	1961
20200103	2215
20200104	230
20200105	101
20200106	2763
20200107	2818
20200108	2228
20200109	1977
20200110	2376
20200111	214
20200112	159
20200113	2477
20200114	2855
20200115	2243
20200116	2179
20200117	2027
20200118	189
20200119	177
20200120	2507
20200121	2243
20200122	2196
20200123	2098
20200124	1860
20200125	159
20200126	244
20200127	2560
20200128	3006
20200129	1973
20200130	2043
20200131	2229
20200201	332
20200202	160
20200203	2400
20200204	2533
20200205	2010
20200206	1808
20200207	1819
20200208	212
20200209	145
20200210	2693
20200211	2527
20200212	1699
20200213	2228
20200214	1794
20200215	168
20200216	226
20200217	2425
20200218	2098
20200219	2053
20200220	2055
20200221	1938
20200222	217
20200223	288
20200224	2468
20200225	2751
20200226	2037
20200227	2105
20200228	2107
20200229	237
20200301	151
20200302	2658
20200303	2156
20200304	1921
20200305	1795
20200306	1835
20200307	165
20200308	245
20200309	2476
20200310	1932
20200311	1714
20200312	1709
20200313	1704
20200314	156
20200315	105
20200316	1618
20200317	1311
20200318	1269
20200319	918
20200320	1002
20200321	132
20200322	110
20200323	1092
20200324	1130
20200325	799
20200326	984
20200327	735
20200328	93
20200329	64
20200330	1030
20200331	730
20200401	795
20200402	769
20200403	703
20200404	75
20200405	52
20200406	955
20200407	603
20200408	743
20200409	733
20200410	346
20200411	55
20200412	50
20200413	294
20200414	844
20200415	740
20200416	635
20200417	733
20200418	115
20200419	123
20200420	865
20200421	853
20200422	761
20200423	694
20200424	712
20200425	54
20200426	49
20200427	983
20200428	792
20200429	729
20200430	710
20200501	672
20200502	42
20200503	44
20200504	872
20200505	863
20200506	720
20200507	674
20200508	331
20200509	67
20200510	68
20200511	867
20200512	706
20200513	638
20200514	673
20200515	657
20200516	32
20200517	54
20200518	805
20200519	751
20200520	608
20200521	532
20200522	484
20200523	1
20200524	8
20200525	10
20200526	244
20200905	2
20520422	1