20100102	56
20100103	41
20100104	2535
20100105	895
20100106	1357
20100107	2107
20100108	1753
20100109	367
20100110	54
20100111	2751
20100112	3865
20100113	3073
20100114	3049
20100115	2495
20100116	155
20100117	41
20100118	3209
20100119	4149
20100120	3914
20100121	2698
20100122	2990
20100123	243
20100124	39
20100125	3440
20100126	3829
20100127	3648
20100128	3013
20100129	2768
20100130	247
20100131	60
20100201	3623
20100202	3701
20100203	2685
20100204	3309
20100205	2981
20100206	99
20100207	113
20100208	3595
20100209	3820
20100210	3130
20100211	3204
20100212	2476
20100213	122
20100214	54
20100215	3039
20100216	3736
20100217	2850
20100218	2485
20100219	2069
20100220	251
20100221	57
20100222	2957
20100223	3489
20100224	2968
20100225	2764
20100226	2573
20100227	195
20100228	47
20100301	3089
20100302	3796
20100303	2802
20100304	2981
20100305	2255
20100306	167
20100307	50
20100308	3098
20100309	3494
20100310	3264
20100311	3224
20100312	2274
20100313	94
20100314	46
20100315	3086
20100316	3597
20100317	2786
20100318	2754
20100319	2429
20100320	171
20100321	48
20100322	3410
20100323	3951
20100324	2923
20100325	2911
20100326	2484
20100327	185
20100328	347
20100329	3259
20100330	3327
20100331	2843
20100401	2503
20100402	47
20100403	57
20100404	62
20100405	39
20100406	3422
20100407	2442
20100408	2420
20100409	2066
20100410	110
20100411	44
20100412	2937
20100413	3317
20100414	2706
20100415	2720
20100416	2412
20100417	98
20100418	49
20100419	2811
20100420	3421
20100421	2758
20100422	2860
20100423	2340
20100424	118
20100425	83
20100426	2970
20100427	3648
20100428	2788
20100429	3012
20100430	2255
20100501	106
20100502	51
20100503	60
20100504	3203
20100505	2640
20100506	2646
20100507	2435
20100508	85
20100509	36
20100510	3190
20100511	3596
20100512	2738
20100513	2855
20100514	2281
20100515	132
20100516	44
20100517	2853
20100518	3411
20100519	2603
20100520	2416
20100521	2428
20100522	125
20100523	37
20100524	3092
20100525	3290
20100526	2547
20100527	2526
20100528	2315
20100529	70
20100530	27
20100531	63
20100601	2802
20100602	2528
20100603	2616
20100604	2054
20100605	141
20100606	44
20100607	2791
20100608	3459
20100609	2654
20100610	2575
20100611	2202
20100612	84
20100613	42
20100614	2627
20100615	3339
20100616	2584
20100617	2588
20100618	2235
20100619	176
20100620	34
20100621	2988
20100622	3177
20100623	2723
20100624	2605
20100625	2247
20100626	137
20100627	34
20100628	2817
20100629	2924
20100630	2503
20100701	2751
20100702	2204
20100703	143
20100704	44
20100705	2731
20100706	3376
20100707	2539
20100708	2349
20100709	2280
20100710	74
20100711	35
20100712	2733
20100713	3104
20100714	2758
20100715	2233
20100716	2231
20100717	84
20100718	52
20100719	2813
20100720	2935
20100721	2692
20100722	2692
20100723	2289
20100724	88
20100725	34
20100726	2825
20100727	3402
20100728	2555
20100729	2725
20100730	2099
20100731	133
20100801	97
20100802	2612
20100803	3045
20100804	2576
20100805	2413
20100806	2148
20100807	102
20100808	57
20100809	2726
20100810	3047
20100811	2559
20100812	2357
20100813	2275
20100814	134
20100815	29
20100816	2807
20100817	3300
20100818	2689
20100819	2506
20100820	2202
20100821	93
20100822	50
20100823	2613
20100824	3055
20100825	2334
20100826	2532
20100827	2027
20100828	63
20100829	30
20100830	47
20100831	3155
20100901	2724
20100902	2452
20100903	2128
20100904	87
20100905	45
20100906	2979
20100907	3434
20100908	2537
20100909	2773
20100910	2102
20100911	62
20100912	37
20100913	2750
20100914	3301
20100915	2548
20100916	2815
20100917	2253
20100918	65
20100919	40
20100920	2838
20100921	3472
20100922	2462
20100923	2332
20100924	2368
20100925	69
20100926	40
20100927	2941
20100928	3471
20100929	2829
20100930	2715
20101001	2486
20101002	418
20101003	51
20101004	3425
20101005	4028
20101006	3030
20101007	3740
20101008	2486
20101009	694
20101010	52
20101011	3590
20101012	4160
20101013	3539
20101014	3697
20101015	2549
20101016	979
20101017	63
20101018	3432
20101019	3904
20101020	3247
20101021	3664
20101022	2875
20101023	337
20101024	62
20101025	3459
20101026	3935
20101027	2922
20101028	2919
20101029	2351
20101030	662
20101031	67
20101101	3873
20101102	3594
20101103	3519
20101104	3090
20101105	2780
20101106	257
20101107	62
20101108	3435
20101109	3926
20101110	3320
20101111	3120
20101112	2845
20101113	267
20101114	49
20101115	3344
20101116	3674
20101117	2727
20101118	3391
20101119	2555
20101120	187
20101121	79
20101122	3225
20101123	3528
20101124	2674
20101125	2694
20101126	2279
20101127	156
20101128	59
20101129	3025
20101130	3600
20101201	2379
20101202	2800
20101203	2172
20101204	72
20101205	46
20101206	2743
20101207	3408
20101208	2964
20101209	2868
20101210	2097
20101211	62
20101212	59
20101213	2950
20101214	3498
20101215	2786
20101216	2740
20101217	2260
20101218	86
20101219	62
20101220	3022
20101221	3116
20101222	2777
20101223	2454
20101224	1374
20101225	28
20101226	41
20101227	57
20101228	56
20101229	1885
20101230	2191
20101231	1218
20110101	314
20110102	38
20110103	55
20110104	2948
20110105	2895
20110106	3384
20110107	2723
20110108	100
20110109	68
20110110	3489
20110111	4214
20110112	3325
20110113	3563
20110114	3062
20110115	127
20110116	60
20110117	3459
20110118	4227
20110119	3200
20110120	3311
20110121	2986
20110122	129
20110123	48
20110124	3414
20110125	3994
20110126	3011
20110127	3217
20110128	2628
20110129	103
20110130	42
20110131	3331
20110201	3759
20110202	2999
20110203	3339
20110204	2683
20110205	107
20110206	49
20110207	3284
20110208	3601
20110209	2849
20110210	3109
20110211	2552
20110212	113
20110213	62
20110214	3087
20110215	3683
20110216	3218
20110217	2996
20110218	2348
20110219	162
20110220	52
20110221	3166
20110222	3546
20110223	2753
20110224	2937
20110225	2364
20110226	165
20110227	66
20110228	2980
20110301	3778
20110302	2938
20110303	2884
20110304	2574
20110305	225
20110306	82
20110307	3132
20110308	3948
20110309	3168
20110310	3067
20110311	2669
20110312	109
20110313	108
20110314	3201
20110315	3758
20110316	3533
20110317	2946
20110318	2692
20110319	96
20110320	49
20110321	3168
20110322	3839
20110323	3057
20110324	3306
20110325	2544
20110326	122
20110327	69
20110328	3112
20110329	3687
20110330	2789
20110331	3336
20110401	2440
20110402	143
20110403	61
20110404	2952
20110405	3565
20110406	2783
20110407	2963
20110408	2515
20110409	119
20110410	47
20110411	3056
20110412	3498
20110413	2644
20110414	2588
20110415	2540
20110416	108
20110417	57
20110418	2830
20110419	3479
20110420	2607
20110421	2802
20110422	66
20110423	64
20110424	33
20110425	75
20110426	3027
20110427	2754
20110428	2644
20110429	97
20110430	92
20110501	97
20110502	46
20110503	3725
20110504	2898
20110505	3124
20110506	2706
20110507	156
20110508	54
20110509	3213
20110510	3408
20110511	2810
20110512	3152
20110513	2553
20110514	88
20110515	99
20110516	3167
20110517	3799
20110518	2931
20110519	3010
20110520	2653
20110521	119
20110522	33
20110523	3049
20110524	3543
20110525	2869
20110526	3275
20110527	2491
20110528	81
20110529	41
20110530	47
20110531	3394
20110601	2577
20110602	2715
20110603	2406
20110604	177
20110605	61
20110606	2959
20110607	3528
20110608	2622
20110609	2827
20110610	2485
20110611	114
20110612	65
20110613	3304
20110614	3874
20110615	2898
20110616	2742
20110617	2358
20110618	127
20110619	51
20110620	2943
20110621	3606
20110622	2842
20110623	3211
20110624	2479
20110625	121
20110626	67
20110627	2636
20110628	3406
20110629	2589
20110630	2703
20110701	2556
20110702	106
20110703	38
20110704	2943
20110705	3375
20110706	2738
20110707	3072
20110708	2440
20110709	119
20110710	49
20110711	2799
20110712	3477
20110713	2949
20110714	2818
20110715	2503
20110716	107
20110717	51
20110718	2904
20110719	3412
20110720	2615
20110721	2680
20110722	2364
20110723	88
20110724	75
20110725	2873
20110726	3135
20110727	2864
20110728	2671
20110729	2232
20110730	108
20110731	40
20110801	2927
20110802	3140
20110803	2868
20110804	2648
20110805	2443
20110806	101
20110807	64
20110808	3008
20110809	3024
20110810	2717
20110811	2766
20110812	2451
20110813	138
20110814	53
20110815	2913
20110816	3137
20110817	2707
20110818	2715
20110819	2201
20110820	145
20110821	45
20110822	2938
20110823	3231
20110824	2874
20110825	3051
20110826	2154
20110827	72
20110828	37
20110829	61
20110830	3143
20110831	2804
20110901	2680
20110902	2373
20110903	81
20110904	44
20110905	3283
20110906	3494
20110907	2723
20110908	3027
20110909	2522
20110910	100
20110911	81
20110912	3054
20110913	3534
20110914	2751
20110915	2838
20110916	2640
20110917	125
20110918	93
20110919	3339
20110920	3702
20110921	2991
20110922	3093
20110923	2500
20110924	108
20110925	43
20110926	3541
20110927	4004
20110928	3179
20110929	3250
20110930	2686
20111001	478
20111002	74
20111003	4210
20111004	4058
20111005	3775
20111006	4181
20111007	3371
20111008	1435
20111009	43
20111010	4606
20111011	5029
20111012	3920
20111013	4683
20111014	3497
20111015	943
20111016	68
20111017	4349
20111018	4576
20111019	4070
20111020	3570
20111021	2857
20111022	811
20111023	57
20111024	3661
20111025	3769
20111026	3229
20111027	3265
20111028	2621
20111029	584
20111030	57
20111031	3698
20111101	4125
20111102	3350
20111103	3529
20111104	2925
20111105	515
20111106	65
20111107	3656
20111108	3960
20111109	3590
20111110	3394
20111111	2915
20111112	166
20111113	73
20111114	3622
20111115	3835
20111116	3222
20111117	3652
20111118	2730
20111119	222
20111120	77
20111121	3586
20111122	3831
20111123	3344
20111124	3424
20111125	2988
20111126	132
20111127	83
20111128	3233
20111129	3852
20111130	2800
20111201	3149
20111202	2421
20111203	131
20111204	63
20111205	3245
20111206	3701
20111207	2780
20111208	3076
20111209	2429
20111210	97
20111211	69
20111212	3630
20111213	3623
20111214	3204
20111215	3077
20111216	2645
20111217	162
20111218	37
20111219	3146
20111220	3451
20111221	2718
20111222	2686
20111223	2046
20111224	48
20111225	29
20111226	43
20111227	74
20111228	1846
20111229	1928
20111230	1731
20111231	61
20120101	284
20120102	66
20120103	2873
20120104	3188
20120105	3317
20120106	2732
20120107	142
20120108	87
20120109	3437
20120110	4403
20120111	3225
20120112	3373
20120113	2846
20120114	171
20120115	45
20120116	3731
20120117	4057
20120118	3149
20120119	3328
20120120	2763
20120121	177
20120122	81
20120123	3622
20120124	3997
20120125	3101
20120126	3399
20120127	2991
20120128	150
20120129	67
20120130	3812
20120131	3617
20120201	3121
20120202	3391
20120203	2734
20120204	129
20120205	55
20120206	3539
20120207	4130
20120208	3286
20120209	3186
20120210	3017
20120211	141
20120212	61
20120213	3291
20120214	3705
20120215	3018
20120216	3331
20120217	2427
20120218	212
20120219	64
20120220	3621
20120221	3394
20120222	2925
20120223	3258
20120224	2749
20120225	195
20120226	60
20120227	3523
20120228	3823
20120229	3181
20120301	3301
20120302	2932
20120303	148
20120304	74
20120305	3603
20120306	3852
20120307	3577
20120308	3402
20120309	2904
20120310	142
20120311	86
20120312	3661
20120313	4080
20120314	3506
20120315	3427
20120316	2781
20120317	132
20120318	71
20120319	3644
20120320	3899
20120321	3291
20120322	3449
20120323	2649
20120324	220
20120325	76
20120326	3447
20120327	3727
20120328	3004
20120329	3513
20120330	2687
20120331	281
20120401	140
20120402	3143
20120403	3572
20120404	2738
20120405	2750
20120406	71
20120407	71
20120408	35
20120409	67
20120410	3453
20120411	3018
20120412	2984
20120413	2367
20120414	183
20120415	54
20120416	3339
20120417	3688
20120418	3355
20120419	3413
20120420	2620
20120421	127
20120422	53
20120423	3242
20120424	3626
20120425	2956
20120426	2920
20120427	2761
20120428	118
20120429	41
20120430	3196
20120501	3450
20120502	3025
20120503	3302
20120504	2694
20120505	85
20120506	63
20120507	96
20120508	3507
20120509	3389
20120510	3028
20120511	2718
20120512	206
20120513	74
20120514	3370
20120515	3740
20120516	3136
20120517	3037
20120518	2717
20120519	124
20120520	73
20120521	3301
20120522	3583
20120523	2893
20120524	3071
20120525	2471
20120526	178
20120527	45
20120528	3156
20120529	3392
20120530	2552
20120531	2887
20120601	2594
20120602	63
20120603	53
20120604	70
20120605	160
20120606	2866
20120607	3040
20120608	2540
20120609	128
20120610	68
20120611	3114
20120612	4155
20120613	3512
20120614	3058
20120615	2810
20120616	247
20120617	75
20120618	3397
20120619	3822
20120620	3155
20120621	2507
20120622	2785
20120623	183
20120624	65
20120625	3214
20120626	3425
20120627	3269
20120628	3366
20120629	2571
20120630	173
20120701	120
20120702	2886
20120703	3463
20120704	3219
20120705	3084
20120706	2660
20120707	123
20120708	69
20120709	3111
20120710	3867
20120711	3439
20120712	2762
20120713	2623
20120714	150
20120715	68
20120716	3411
20120717	3810
20120718	3005
20120719	2884
20120720	2634
20120721	162
20120722	57
20120723	3120
20120724	3517
20120725	2907
20120726	3183
20120727	2703
20120728	168
20120729	56
20120730	2938
20120731	3766
20120801	3188
20120802	2966
20120803	2463
20120804	122
20120805	48
20120806	2745
20120807	3633
20120808	2992
20120809	2580
20120810	2232
20120811	142
20120812	58
20120813	2886
20120814	3314
20120815	2945
20120816	2884
20120817	2560
20120818	157
20120819	42
20120820	3354
20120821	3328
20120822	3198
20120823	3076
20120824	2482
20120825	107
20120826	57
20120827	63
20120828	3618
20120829	3209
20120830	2985
20120831	2658
20120901	199
20120902	53
20120903	3001
20120904	3586
20120905	3298
20120906	2657
20120907	2519
20120908	112
20120909	111
20120910	3253
20120911	3728
20120912	3216
20120913	3081
20120914	2588
20120915	136
20120916	89
20120917	3294
20120918	3441
20120919	2981
20120920	3393
20120921	2776
20120922	170
20120923	80
20120924	3528
20120925	3945
20120926	3308
20120927	3544
20120928	2995
20120929	244
20120930	102
20121001	4259
20121002	4719
20121003	3937
20121004	4414
20121005	3700
20121006	1695
20121007	57
20121008	4773
20121009	5170
20121010	4773
20121011	4214
20121012	3583
20121013	1923
20121014	72
20121015	4355
20121016	4692
20121017	4991
20121018	4434
20121019	3634
20121020	1580
20121021	53
20121022	4083
20121023	4816
20121024	4242
20121025	4269
20121026	3377
20121027	1060
20121028	84
20121029	3629
20121030	4150
20121031	3693
20121101	3514
20121102	2914
20121103	373
20121104	74
20121105	4014
20121106	4403
20121107	3896
20121108	3915
20121109	3444
20121110	315
20121111	71
20121112	4008
20121113	4558
20121114	4051
20121115	4148
20121116	3130
20121117	221
20121118	46
20121119	3849
20121120	3886
20121121	3646
20121122	3719
20121123	2908
20121124	169
20121125	57
20121126	3931
20121127	4114
20121128	3618
20121129	3898
20121130	2893
20121201	145
20121202	74
20121203	3529
20121204	4119
20121205	3467
20121206	3660
20121207	2931
20121208	137
20121209	61
20121210	3483
20121211	4207
20121212	3497
20121213	3592
20121214	2737
20121215	145
20121216	53
20121217	3359
20121218	4117
20121219	3339
20121220	3322
20121221	2677
20121222	170
20121223	57
20121224	1839
20121225	53
20121226	62
20121227	2199
20121228	2077
20121229	116
20121230	37
20121231	1750
20130101	217
20130102	3097
20130103	3431
20130104	3030
20130105	92
20130106	64
20130107	3789
20130108	4990
20130109	3730
20130110	3862
20130111	3324
20130112	179
20130113	70
20130114	3931
20130115	4610
20130116	4384
20130117	3808
20130118	3045
20130119	160
20130120	70
20130121	3535
20130122	4132
20130123	4185
20130124	3520
20130125	3091
20130126	108
20130127	118
20130128	3743
20130129	4175
20130130	3724
20130131	3946
20130201	3498
20130202	161
20130203	64
20130204	5019
20130205	4792
20130206	3578
20130207	3927
20130208	3430
20130209	173
20130210	57
20130211	3719
20130212	4310
20130213	3333
20130214	3623
20130215	3352
20130216	189
20130217	61
20130218	4241
20130219	4446
20130220	4072
20130221	3934
20130222	3161
20130223	158
20130224	102
20130225	3936
20130226	4272
20130227	3397
20130228	3674
20130301	3246
20130302	117
20130303	68
20130304	3885
20130305	4438
20130306	3710
20130307	3918
20130308	3139
20130309	137
20130310	73
20130311	3960
20130312	4678
20130313	3961
20130314	4130
20130315	3236
20130316	207
20130317	118
20130318	3671
20130319	5103
20130320	3333
20130321	3665
20130322	3522
20130323	351
20130324	115
20130325	3443
20130326	3900
20130327	3189
20130328	3361
20130329	131
20130330	146
20130331	126
20130401	127
20130402	3374
20130403	2988
20130404	3296
20130405	2916
20130406	146
20130407	80
20130408	3675
20130409	4062
20130410	3011
20130411	3285
20130412	3112
20130413	124
20130414	57
20130415	3662
20130416	4141
20130417	3438
20130418	3530
20130419	3140
20130420	143
20130421	77
20130422	3684
20130423	4439
20130424	3601
20130425	3723
20130426	2896
20130427	119
20130428	77
20130429	3533
20130430	4438
20130501	3499
20130502	3551
20130503	2926
20130504	136
20130505	62
20130506	81
20130507	3458
20130508	3460
20130509	3338
20130510	2990
20130511	118
20130512	50
20130513	3680
20130514	3885
20130515	3449
20130516	3221
20130517	2832
20130518	133
20130519	67
20130520	3340
20130521	3535
20130522	2975
20130523	3374
20130524	2823
20130525	73
20130526	47
20130527	80
20130528	3570
20130529	3372
20130530	2984
20130531	2806
20130601	207
20130602	62
20130603	3199
20130604	3471
20130605	2988
20130606	3477
20130607	2649
20130608	139
20130609	43
20130610	3812
20130611	3980
20130612	3279
20130613	3280
20130614	2859
20130615	108
20130616	75
20130617	3589
20130618	3853
20130619	3298
20130620	3387
20130621	2928
20130622	117
20130623	51
20130624	3517
20130625	3998
20130626	3198
20130627	3445
20130628	2806
20130629	111
20130630	63
20130701	3195
20130702	3985
20130703	3430
20130704	3491
20130705	2632
20130706	161
20130707	84
20130708	3504
20130709	4081
20130710	3314
20130711	3333
20130712	2685
20130713	124
20130714	49
20130715	3399
20130716	3667
20130717	3250
20130718	3315
20130719	2780
20130720	79
20130721	70
20130722	3216
20130723	3274
20130724	3231
20130725	3159
20130726	2461
20130727	117
20130728	37
20130729	3230
20130730	3687
20130731	2964
20130801	3163
20130802	2474
20130803	176
20130804	57
20130805	3227
20130806	3591
20130807	3140
20130808	2954
20130809	2430
20130810	97
20130811	84
20130812	3292
20130813	3756
20130814	3261
20130815	3096
20130816	2968
20130817	103
20130818	64
20130819	3483
20130820	3831
20130821	3343
20130822	3330
20130823	2568
20130824	93
20130825	63
20130826	90
20130827	3204
20130828	3047
20130829	3255
20130830	2737
20130831	121
20130901	110
20130902	3446
20130903	4259
20130904	3055
20130905	3082
20130906	2680
20130907	86
20130908	31
20130909	3260
20130910	4050
20130911	3634
20130912	3427
20130913	2598
20130914	117
20130915	77
20130916	2996
20130917	4203
20130918	3282
20130919	3304
20130920	2679
20130921	106
20130922	57
20130923	3373
20130924	4260
20130925	3500
20130926	3645
20130927	2850
20130928	455
20130929	65
20130930	5019
20131001	5124
20131002	4979
20131003	4423
20131004	4166
20131005	911
20131006	67
20131007	5575
20131008	5511
20131009	5314
20131010	5355
20131011	4058
20131012	840
20131013	69
20131014	4959
20131015	5357
20131016	5079
20131017	4507
20131018	3418
20131019	1660
20131020	52
20131021	4437
20131022	5564
20131023	4390
20131024	4260
20131025	3687
20131026	329
20131027	67
20131028	3996
20131029	4526
20131030	3763
20131031	3517
20131101	2966
20131102	607
20131103	52
20131104	3976
20131105	4856
20131106	3917
20131107	4055
20131108	3087
20131109	161
20131110	70
20131111	4027
20131112	4598
20131113	4171
20131114	3687
20131115	3379
20131116	165
20131117	59
20131118	3761
20131119	4443
20131120	3936
20131121	3788
20131122	3096
20131123	207
20131124	71
20131125	3669
20131126	3921
20131127	3705
20131128	3536
20131129	3153
20131130	137
20131201	118
20131202	3669
20131203	4114
20131204	3296
20131205	3577
20131206	2874
20131207	192
20131208	68
20131209	3588
20131210	4506
20131211	3538
20131212	3897
20131213	3067
20131214	146
20131215	82
20131216	3675
20131217	4327
20131218	3709
20131219	3555
20131220	2755
20131221	96
20131222	53
20131223	3139
20131224	1846
20131225	67
20131226	51
20131227	1594
20131228	84
20131229	52
20131230	2630
20131231	2028
20140101	266
20140102	2825
20140103	2627
20140104	137
20140105	73
20140106	3732
20140107	4842
20140108	3893
20140109	4250
20140110	3414
20140111	117
20140112	47
20140113	4178
20140114	4592
20140115	3694
20140116	3891
20140117	3382
20140118	163
20140119	57
20140120	4035
20140121	4715
20140122	3949
20140123	3982
20140124	3369
20140125	173
20140126	44
20140127	3833
20140128	4284
20140129	3734
20140130	3937
20140131	3137
20140201	235
20140202	94
20140203	3759
20140204	4374
20140205	3786
20140206	3955
20140207	3215
20140208	104
20140209	70
20140210	3386
20140211	4184
20140212	4456
20140213	3860
20140214	3162
20140215	131
20140216	52
20140217	3398
20140218	3887
20140219	3282
20140220	3575
20140221	2943
20140222	198
20140223	59
20140224	3517
20140225	4232
20140226	3657
20140227	3800
20140228	3006
20140301	262
20140302	62
20140303	3526
20140304	4058
20140305	3722
20140306	3874
20140307	3183
20140308	203
20140309	138
20140310	3988
20140311	4433
20140312	3671
20140313	3553
20140314	3062
20140315	256
20140316	50
20140317	3761
20140318	3828
20140319	4074
20140320	3604
20140321	3274
20140322	168
20140323	72
20140324	3497
20140325	4145
20140326	3538
20140327	3918
20140328	2994
20140329	159
20140330	190
20140331	3943
20140401	4265
20140402	3413
20140403	3554
20140404	2935
20140405	120
20140406	72
20140407	3394
20140408	4301
20140409	3344
20140410	3533
20140411	2677
20140412	149
20140413	50
20140414	3056
20140415	3457
20140416	3010
20140417	3186
20140418	111
20140419	106
20140420	40
20140421	62
20140422	3663
20140423	3253
20140424	3640
20140425	2799
20140426	133
20140427	52
20140428	3896
20140429	4145
20140430	3699
20140501	3706
20140502	2793
20140503	123
20140504	63
20140505	67
20140506	3893
20140507	3463
20140508	3844
20140509	2858
20140510	187
20140511	61
20140512	3852
20140513	4104
20140514	3505
20140515	3748
20140516	3686
20140517	131
20140518	51
20140519	3549
20140520	4575
20140521	3730
20140522	3991
20140523	3292
20140524	115
20140525	47
20140526	85
20140527	3689
20140528	3398
20140529	3686
20140530	2564
20140531	176
20140601	107
20140602	3712
20140603	3521
20140604	3151
20140605	3662
20140606	2785
20140607	116
20140608	62
20140609	3485
20140610	3724
20140611	3508
20140612	3591
20140613	2724
20140614	136
20140615	44
20140616	3526
20140617	3921
20140618	3591
20140619	3864
20140620	2812
20140621	154
20140622	81
20140623	4362
20140624	4186
20140625	3300
20140626	3911
20140627	2698
20140628	138
20140629	38
20140630	3676
20140701	3964
20140702	3443
20140703	3820
20140704	2776
20140705	106
20140706	61
20140707	3403
20140708	3494
20140709	3452
20140710	3578
20140711	3089
20140712	138
20140713	62
20140714	3582
20140715	4001
20140716	3415
20140717	3800
20140718	2816
20140719	158
20140720	77
20140721	3436
20140722	3825
20140723	3254
20140724	3517
20140725	2678
20140726	168
20140727	98
20140728	3424
20140729	3498
20140730	3964
20140731	3558
20140801	2520
20140802	146
20140803	83
20140804	3272
20140805	3680
20140806	3246
20140807	3310
20140808	2731
20140809	187
20140810	71
20140811	3245
20140812	3842
20140813	3184
20140814	3121
20140815	2515
20140816	150
20140817	55
20140818	3387
20140819	3748
20140820	2951
20140821	3135
20140822	2323
20140823	97
20140824	70
20140825	72
20140826	3326
20140827	3334
20140828	3579
20140829	2637
20140830	124
20140831	68
20140901	3701
20140902	3824
20140903	3537
20140904	3490
20140905	2765
20140906	136
20140907	82
20140908	3542
20140909	3672
20140910	3379
20140911	3788
20140912	2799
20140913	132
20140914	99
20140915	3673
20140916	3946
20140917	3691
20140918	3959
20140919	2826
20140920	445
20140921	71
20140922	3983
20140923	4448
20140924	3906
20140925	3918
20140926	3478
20140927	224
20140928	72
20140929	4401
20140930	5189
20141001	4442
20141002	4425
20141003	3747
20141004	1120
20141005	61
20141006	5417
20141007	5311
20141008	5156
20141009	5153
20141010	3697
20141011	1942
20141012	59
20141013	5493
20141014	5356
20141015	4540
20141016	4752
20141017	3899
20141018	444
20141019	47
20141020	4438
20141021	4851
20141022	4325
20141023	4382
20141024	3209
20141025	515
20141026	57
20141027	4381
20141028	4499
20141029	3495
20141030	3650
20141031	3041
20141101	370
20141102	62
20141103	4322
20141104	4073
20141105	4033
20141106	4600
20141107	3273
20141108	262
20141109	76
20141110	4319
20141111	4580
20141112	3904
20141113	3980
20141114	3334
20141115	142
20141116	63
20141117	3823
20141118	4684
20141119	3675
20141120	4605
20141121	3158
20141122	173
20141123	68
20141124	3754
20141125	4035
20141126	3839
20141127	4354
20141128	3231
20141129	213
20141130	76
20141201	3912
20141202	4094
20141203	3478
20141204	4315
20141205	2792
20141206	152
20141207	70
20141208	3777
20141209	3834
20141210	3577
20141211	3826
20141212	2935
20141213	197
20141214	88
20141215	3413
20141216	3882
20141217	3529
20141218	3667
20141219	3031
20141220	150
20141221	63
20141222	3446
20141223	4016
20141224	1693
20141225	82
20141226	75
20141227	111
20141228	73
20141229	2578
20141230	2578
20141231	1871
20150101	259
20150102	2047
20150103	142
20150104	81
20150105	3420
20150106	4399
20150107	4131
20150108	4091
20150109	3267
20150110	119
20150111	59
20150112	4073
20150113	4253
20150114	3792
20150115	3980
20150116	3295
20150117	280
20150118	123
20150119	3814
20150120	4273
20150121	3732
20150122	4398
20150123	2984
20150124	135
20150125	78
20150126	4018
20150127	4307
20150128	3890
20150129	3786
20150130	3006
20150131	193
20150201	102
20150202	3939
20150203	4465
20150204	3692
20150205	3968
20150206	3135
20150207	182
20150208	61
20150209	5272
20150210	5145
20150211	3972
20150212	4115
20150213	3128
20150214	140
20150215	87
20150216	4191
20150217	4076
20150218	3827
20150219	3739
20150220	2975
20150221	193
20150222	65
20150223	3732
20150224	4121
20150225	3631
20150226	4060
20150227	3149
20150228	150
20150301	106
20150302	4360
20150303	4816
20150304	4007
20150305	4124
20150306	3473
20150307	171
20150308	81
20150309	3836
20150310	4874
20150311	4472
20150312	3965
20150313	3174
20150314	201
20150315	61
20150316	4190
20150317	4440
20150318	3863
20150319	4334
20150320	2866
20150321	170
20150322	105
20150323	4152
20150324	4048
20150325	3511
20150326	3912
20150327	3189
20150328	168
20150329	107
20150330	3708
20150331	4541
20150401	3573
20150402	3188
20150403	116
20150404	135
20150405	57
20150406	104
20150407	3277
20150408	3259
20150409	3277
20150410	2760
20150411	197
20150412	92
20150413	3555
20150414	4086
20150415	3024
20150416	3856
20150417	2989
20150418	178
20150419	72
20150420	3658
20150421	3969
20150422	3436
20150423	3691
20150424	3213
20150425	186
20150426	66
20150427	3601
20150428	3827
20150429	3768
20150430	3957
20150501	3111
20150502	142
20150503	60
20150504	100
20150505	4181
20150506	3847
20150507	4049
20150508	3340
20150509	191
20150510	81
20150511	3689
20150512	3579
20150513	3795
20150514	3864
20150515	4766
20150516	133
20150517	84
20150518	3943
20150519	3990
20150520	3838
20150521	4036
20150522	3041
20150523	147
20150524	53
20150525	132
20150526	3633
20150527	3563
20150528	3364
20150529	2977
20150530	131
20150531	52
20150601	3921
20150602	4109
20150603	10845
20150604	6305
20150605	3310
20150606	175
20150607	65
20150608	9215
20150609	4145
20150610	3649
20150611	4550
20150612	3633
20150613	222
20150614	88
20150615	4062
20150616	4338
20150617	3819
20150618	6485
20150619	3275
20150620	181
20150621	54
20150622	6214
20150623	4552
20150624	4293
20150625	4079
20150626	3601
20150627	178
20150628	72
20150629	14589
20150630	7485
20150701	3999
20150702	4138
20150703	3300
20150704	165
20150705	98
20150706	3704
20150707	4261
20150708	4285
20150709	4030
20150710	3449
20150711	181
20150712	92
20150713	4068
20150714	4573
20150715	4372
20150716	4327
20150717	5696
20150718	190
20150719	84
20150720	4138
20150721	4302
20150722	4503
20150723	3952
20150724	3327
20150725	171
20150726	66
20150727	3954
20150728	4418
20150729	4066
20150730	3889
20150731	4661
20150801	168
20150802	57
20150803	4143
20150804	4710
20150805	4250
20150806	4103
20150807	3204
20150808	171
20150809	67
20150810	3770
20150811	4240
20150812	4090
20150813	3944
20150814	3161
20150815	234
20150816	78
20150817	3835
20150818	4028
20150819	3709
20150820	3834
20150821	2969
20150822	183
20150823	50
20150824	3821
20150825	4318
20150826	3822
20150827	3659
20150828	2889
20150829	130
20150830	62
20150831	1434
20150901	4237
20150902	4026
20150903	4226
20150904	3045
20150905	228
20150906	63
20150907	4117
20150908	4411
20150909	4028
20150910	4213
20150911	3273
20150912	209
20150913	57
20150914	3776
20150915	4251
20150916	3639
20150917	4186
20150918	3437
20150919	357
20150920	97
20150921	4361
20150922	4396
20150923	4283
20150924	4356
20150925	3809
20150926	154
20150927	96
20150928	9435
20150929	5392
20150930	5502
20151001	5331
20151002	4081
20151003	1074
20151004	63
20151005	7874
20151006	5651
20151007	5952
20151008	5635
20151009	4653
20151010	2043
20151011	94
20151012	6083
20151013	5920
20151014	5551
20151015	5945
20151016	3878
20151017	1415
20151018	57
20151019	5943
20151020	5209
20151021	4808
20151022	5334
20151023	4034
20151024	1016
20151025	102
20151026	4434
20151027	5423
20151028	4455
20151029	4856
20151030	3653
20151031	176
20151101	177
20151102	4580
20151103	5027
20151104	5181
20151105	4695
20151106	3845
20151107	250
20151108	81
20151109	4598
20151110	4350
20151111	5000
20151112	4719
20151113	3831
20151114	375
20151115	84
20151116	4592
20151117	5333
20151118	5029
20151119	4941
20151120	4131
20151121	234
20151122	109
20151123	4519
20151124	4506
20151125	4772
20151126	4357
20151127	3302
20151128	203
20151129	72
20151130	4367
20151201	6255
20151202	4316
20151203	4282
20151204	3498
20151205	230
20151206	76
20151207	4553
20151208	4805
20151209	4171
20151210	4289
20151211	3808
20151212	229
20151213	63
20151214	4657
20151215	4633
20151216	4041
20151217	4406
20151218	3484
20151219	230
20151220	78
20151221	3918
20151222	3944
20151223	3294
20151224	2107
20151225	80
20151226	95
20151227	47
20151228	73
20151229	3066
20151230	2736
20151231	2057
20160101	274
20160102	135
20160103	55
20160104	3882
20160105	4481
20160106	4244
20160107	4780
20160108	3492
20160109	201
20160110	76
20160111	4650
20160112	5089
20160113	4757
20160114	4716
20160115	3868
20160116	193
20160117	59
20160118	5006
20160119	5011
20160120	4314
20160121	4667
20160122	3430
20160123	274
20160124	70
20160125	4380
20160126	4752
20160127	4435
20160128	4442
20160129	3485
20160130	207
20160131	76
20160201	4265
20160202	5287
20160203	4316
20160204	4202
20160205	7493
20160206	231
20160207	116
20160208	4519
20160209	4913
20160210	4739
20160211	4814
20160212	3693
20160213	180
20160214	119
20160215	4104
20160216	4556
20160217	4188
20160218	5161
20160219	3232
20160220	362
20160221	107
20160222	4433
20160223	4309
20160224	4809
20160225	4810
20160226	4120
20160227	309
20160228	90
20160229	15377
20160301	4733
20160302	5618
20160303	4797
20160304	3468
20160305	214
20160306	61
20160307	4157
20160308	6025
20160309	13484
20160310	4539
20160311	3964
20160312	190
20160313	102
20160314	6000
20160315	5003
20160316	4668
20160317	11356
20160318	3640
20160319	273
20160320	122
20160321	4462
20160322	4651
20160323	4621
20160324	8602
20160325	236
20160326	162
20160327	105
20160328	121
20160329	4347
20160330	19087
20160331	12215
20160401	3829
20160402	177
20160403	122
20160404	3996
20160405	6610
20160406	3695
20160407	4077
20160408	3228
20160409	176
20160410	97
20160411	3875
20160412	4053
20160413	5810
20160414	4432
20160415	3556
20160416	219
20160417	66
20160418	4253
20160419	4292
20160420	4242
20160421	4448
20160422	3514
20160423	174
20160424	100
20160425	4402
20160426	4690
20160427	4334
20160428	4221
20160429	6917
20160430	330
20160501	109
20160502	155
20160503	4535
20160504	4674
20160505	4243
20160506	3568
20160507	173
20160508	104
20160509	4405
20160510	4750
20160511	4347
20160512	4165
20160513	3516
20160514	221
20160515	85
20160516	4528
20160517	4705
20160518	4482
20160519	4601
20160520	3603
20160521	235
20160522	105
20160523	4442
20160524	4564
20160525	3255
20160526	4550
20160527	3677
20160528	178
20160529	59
20160530	201
20160531	4235
20160601	4131
20160602	4363
20160603	3495
20160604	189
20160605	79
20160606	4160
20160607	4525
20160608	4199
20160609	4052
20160610	3384
20160611	179
20160612	78
20160613	4399
20160614	4544
20160615	4301
20160616	4489
20160617	3496
20160618	200
20160619	81
20160620	4522
20160621	4522
20160622	4676
20160623	4726
20160624	3365
20160625	204
20160626	109
20160627	4393
20160628	4631
20160629	4803
20160630	4326
20160701	3521
20160702	245
20160703	65
20160704	4236
20160705	4739
20160706	4439
20160707	5107
20160708	3633
20160709	229
20160710	55
20160711	4545
20160712	4705
20160713	4740
20160714	3960
20160715	3731
20160716	161
20160717	98
20160718	4567
20160719	4477
20160720	4210
20160721	4714
20160722	3485
20160723	246
20160724	77
20160725	4648
20160726	4859
20160727	4287
20160728	3993
20160729	3358
20160730	209
20160731	165
20160801	4413
20160802	4826
20160803	4238
20160804	4091
20160805	3507
20160806	192
20160807	85
20160808	4161
20160809	4806
20160810	4133
20160811	4405
20160812	3266
20160813	259
20160814	95
20160815	4199
20160816	4128
20160817	4334
20160818	4257
20160819	3266
20160820	196
20160821	69
20160822	4414
20160823	4634
20160824	4037
20160825	4392
20160826	3267
20160827	163
20160828	74
20160829	97
20160830	4704
20160831	4463
20160901	6844
20160902	3724
20160903	215
20160904	100
20160905	4555
20160906	5324
20160907	4810
20160908	4849
20160909	3795
20160910	271
20160911	65
20160912	4518
20160913	5975
20160914	4503
20160915	5883
20160916	3558
20160917	401
20160918	72
20160919	5016
20160920	6416
20160921	5897
20160922	5459
20160923	4340
20160924	599
20160925	85
20160926	6076
20160927	6199
20160928	5477
20160929	6309
20160930	11158
20161001	1692
20161002	112
20161003	6505
20161004	6817
20161005	6323
20161006	6543
20161007	5126
20161008	2003
20161009	116
20161010	14491
20161011	7203
20161012	6094
20161013	6527
20161014	4522
20161015	1881
20161016	172
20161017	6257
20161018	6150
20161019	6073
20161020	6193
20161021	4521
20161022	763
20161023	104
20161024	4936
20161025	5300
20161026	5316
20161027	4698
20161028	4307
20161029	268
20161030	210
20161031	5554
20161101	6161
20161102	5471
20161103	5777
20161104	4189
20161105	249
20161106	73
20161107	4927
20161108	5800
20161109	5005
20161110	5397
20161111	4734
20161112	649
20161113	114
20161114	5374
20161115	5649
20161116	5071
20161117	5365
20161118	3761
20161119	335
20161120	108
20161121	4862
20161122	4967
20161123	5718
20161124	5601
20161125	4123
20161126	261
20161127	76
20161128	5004
20161129	6113
20161130	5231
20161201	5917
20161202	4038
20161203	314
20161204	88
20161205	5219
20161206	5300
20161207	4769
20161208	5610
20161209	3908
20161210	262
20161211	89
20161212	5247
20161213	5474
20161214	4828
20161215	5028
20161216	3861
20161217	253
20161218	95
20161219	4802
20161220	5160
20161221	4540
20161222	4550
20161223	3135
20161224	129
20161225	47
20161226	44
20161227	111
20161228	2999
20161229	3575
20161230	2774
20161231	172
20170101	177
20170102	91
20170103	4823
20170104	4745
20170105	4948
20170106	4247
20170107	221
20170108	66
20170109	5058
20170110	6127
20170111	4905
20170112	5782
20170113	4222
20170114	178
20170115	96
20170116	5787
20170117	6498
20170118	5244
20170119	6320
20170120	4664
20170121	194
20170122	70
20170123	5543
20170124	6906
20170125	5520
20170126	5447
20170127	4409
20170128	322
20170129	75
20170130	5609
20170131	5960
20170201	5739
20170202	6282
20170203	4469
20170204	252
20170205	105
20170206	5436
20170207	6943
20170208	5614
20170209	5849
20170210	4401
20170211	257
20170212	135
20170213	6278
20170214	6074
20170215	5140
20170216	5471
20170217	4286
20170218	632
20170219	146
20170220	5343
20170221	4769
20170222	4430
20170223	4706
20170224	3797
20170225	289
20170226	102
20170227	5621
20170228	5871
20170301	5700
20170302	5542
20170303	4345
20170304	258
20170305	82
20170306	5652
20170307	5610
20170308	7627
20170309	5861
20170310	4470
20170311	222
20170312	140
20170313	5820
20170314	5710
20170315	5350
20170316	5503
20170317	4546
20170318	346
20170319	160
20170320	5676
20170321	5938
20170322	5260
20170323	5285
20170324	3920
20170325	295
20170326	97
20170327	5569
20170328	5321
20170329	5995
20170330	6034
20170331	4665
20170401	368
20170402	90
20170403	4759
20170404	5090
20170405	4959
20170406	4886
20170407	3522
20170408	223
20170409	96
20170410	5119
20170411	4951
20170412	4134
20170413	4120
20170414	138
20170415	134
20170416	61
20170417	102
20170418	4950
20170419	4666
20170420	5318
20170421	4096
20170422	178
20170423	93
20170424	5377
20170425	5395
20170426	4664
20170427	5058
20170428	4152
20170429	172
20170430	65
20170501	139
20170502	5509
20170503	4996
20170504	5529
20170505	4120
20170506	212
20170507	108
20170508	5164
20170509	5544
20170510	5270
20170511	5215
20170512	4199
20170513	207
20170514	76
20170515	5158
20170516	5088
20170517	4694
20170518	5123
20170519	3774
20170520	236
20170521	80
20170522	4965
20170523	5164
20170524	4242
20170525	5118
20170526	3609
20170527	165
20170528	87
20170529	104
20170530	5149
20170531	4188
20170601	4676
20170602	3570
20170603	201
20170604	118
20170605	4802
20170606	5812
20170607	5045
20170608	4383
20170609	3838
20170610	245
20170611	102
20170612	5187
20170613	4410
20170614	4628
20170615	5283
20170616	3886
20170617	206
20170618	110
20170619	4632
20170620	5423
20170621	4165
20170622	5178
20170623	3972
20170624	211
20170625	140
20170626	5073
20170627	5441
20170628	4432
20170629	5956
20170630	3929
20170701	235
20170702	96
20170703	5390
20170704	5907
20170705	4526
20170706	5201
20170707	4149
20170708	178
20170709	90
20170710	5447
20170711	5740
20170712	4693
20170713	5469
20170714	4204
20170715	291
20170716	104
20170717	5800
20170718	5929
20170719	5147
20170720	5929
20170721	3953
20170722	178
20170723	94
20170724	5518
20170725	5523
20170726	4514
20170727	5544
20170728	4064
20170729	187
20170730	107
20170731	5221
20170801	5329
20170802	5121
20170803	5176
20170804	4521
20170805	192
20170806	106
20170807	4529
20170808	5122
20170809	4577
20170810	4877
20170811	4141
20170812	231
20170813	89
20170814	5097
20170815	5453
20170816	6729
20170817	5470
20170818	4231
20170819	239
20170820	84
20170821	5405
20170822	5438
20170823	5316
20170824	5341
20170825	4205
20170826	197
20170827	92
20170828	108
20170829	5171
20170830	4728
20170831	5381
20170901	5641
20170902	185
20170903	83
20170904	5848
20170905	5927
20170906	5256
20170907	6604
20170908	4450
20170909	177
20170910	122
20170911	5363
20170912	7540
20170913	5518
20170914	6437
20170915	4730
20170916	597
20170917	136
20170918	6831
20170919	6743
20170920	6338
20170921	7177
20170922	5030
20170923	1100
20170924	104
20170925	7305
20170926	8531
20170927	6621
20170928	7688
20170929	5631
20170930	835
20171001	179
20171002	7670
20171003	7594
20171004	6353
20171005	6785
20171006	5722
20171007	2200
20171008	149
20171009	7016
20171010	7170
20171011	5839
20171012	6619
20171013	5081
20171014	1050
20171015	115
20171016	6343
20171017	7093
20171018	6019
20171019	6753
20171020	5138
20171021	1550
20171022	110
20171023	5791
20171024	6121
20171025	5364
20171026	5632
20171027	4535
20171028	542
20171029	108
20171030	6248
20171031	6528
20171101	6073
20171102	6345
20171103	5272
20171104	229
20171105	82
20171106	6478
20171107	5608
20171108	5411
20171109	6168
20171110	4632
20171111	274
20171112	87
20171113	5783
20171114	6266
20171115	5934
20171116	5838
20171117	4835
20171118	206
20171119	129
20171120	6539
20171121	6382
20171122	6273
20171123	6083
20171124	4816
20171125	311
20171126	79
20171127	6101
20171128	6345
20171129	5436
20171130	6528
20171201	4199
20171202	288
20171203	103
20171204	5713
20171205	5861
20171206	5241
20171207	5783
20171208	4336
20171209	310
20171210	108
20171211	5594
20171212	6335
20171213	4844
20171214	5881
20171215	3962
20171216	139
20171217	112
20171218	5594
20171219	6203
20171220	5300
20171221	5103
20171222	3485
20171223	125
20171224	72
20171225	53
20171226	104
20171227	3294
20171228	3528
20171229	3027
20171230	160
20171231	121
20180101	170
20180102	4929
20180103	5025
20180104	5005
20180105	4112
20180106	170
20180107	133
20180108	6230
20180109	6848
20180110	5570
20180111	5802
20180112	5053
20180113	290
20180114	120
20180115	6686
20180116	6817
20180117	6058
20180118	6625
20180119	4865
20180120	201
20180121	102
20180122	6408
20180123	6760
20180124	5654
20180125	7881
20180126	4750
20180127	222
20180128	120
20180129	6578
20180130	6700
20180131	5930
20180201	5881
20180202	5225
20180203	216
20180204	98
20180205	6096
20180206	6356
20180207	6337
20180208	5859
20180209	4934
20180210	244
20180211	84
20180212	5954
20180213	5583
20180214	5597
20180215	5527
20180216	4409
20180217	268
20180218	107
20180219	8056
20180220	5909
20180221	6293
20180222	5207
20180223	4204
20180224	213
20180225	122
20180226	5893
20180227	5911
20180228	5334
20180301	4964
20180302	4107
20180303	158
20180304	89
20180305	5424
20180306	6183
20180307	5252
20180308	5479
20180309	4821
20180310	690
20180311	81
20180312	5766
20180313	6404
20180314	5242
20180315	5473
20180316	4701
20180317	204
20180318	108
20180319	5813
20180320	6698
20180321	5766
20180322	5753
20180323	4533
20180324	226
20180325	119
20180326	5954
20180327	5614
20180328	5024
20180329	5239
20180330	281
20180331	149
20180401	170
20180402	106
20180403	5563
20180404	5021
20180405	5078
20180406	4281
20180407	171
20180408	115
20180409	5419
20180410	5784
20180411	5097
20180412	5763
20180413	5021
20180414	182
20180415	96
20180416	5888
20180417	6099
20180418	5662
20180419	5572
20180420	4713
20180421	206
20180422	115
20180423	5478
20180424	6255
20180425	5506
20180426	5678
20180427	4487
20180428	206
20180429	97
20180430	5784
20180501	6560
20180502	5905
20180503	5760
20180504	4521
20180505	135
20180506	99
20180507	137
20180508	5520
20180509	5465
20180510	5701
20180511	4735
20180512	206
20180513	87
20180514	5840
20180515	5557
20180516	5546
20180517	5652
20180518	4408
20180519	262
20180520	112
20180521	5454
20180522	4950
20180523	5211
20180524	5698
20180525	4229
20180526	144
20180527	88
20180528	71
20180529	5391
20180530	5187
20180531	5365
20180601	4018
20180602	341
20180603	94
20180604	5908
20180605	6221
20180606	5732
20180607	5670
20180608	4548
20180609	144
20180610	80
20180611	5541
20180612	6019
20180613	5115
20180614	5476
20180615	3900
20180616	163
20180617	69
20180618	5823
20180619	5782
20180620	4976
20180621	5420
20180622	4426
20180623	179
20180624	95
20180625	5069
20180626	5787
20180627	5288
20180628	4847
20180629	4108
20180630	149
20180701	147
20180702	5030
20180703	5283
20180704	4892
20180705	5302
20180706	3451
20180707	156
20180708	75
20180709	5364
20180710	5331
20180711	4463
20180712	5019
20180713	4252
20180714	141
20180715	87
20180716	5434
20180717	5553
20180718	4552
20180719	4828
20180720	4241
20180721	183
20180722	101
20180723	5438
20180724	5460
20180725	5112
20180726	5019
20180727	3622
20180728	209
20180729	107
20180730	5588
20180731	5597
20180801	5052
20180802	5179
20180803	4096
20180804	172
20180805	73
20180806	5261
20180807	5231
20180808	5152
20180809	5555
20180810	3862
20180811	228
20180812	96
20180813	5048
20180814	5412
20180815	4846
20180816	4966
20180817	3950
20180818	200
20180819	58
20180820	4958
20180821	5537
20180822	4922
20180823	4989
20180824	3906
20180825	222
20180826	85
20180827	77
20180828	5120
20180829	5295
20180830	5104
20180831	3774
20180901	228
20180902	90
20180903	6526
20180904	6039
20180905	4651
20180906	6732
20180907	4656
20180908	298
20180909	320
20180910	6410
20180911	5795
20180912	5068
20180913	6055
20180914	4478
20180915	612
20180916	263
20180917	5896
20180918	5869
20180919	6577
20180920	5701
20180921	4758
20180922	753
20180923	92
20180924	6557
20180925	7179
20180926	6322
20180927	7527
20180928	5498
20180929	1615
20180930	110
20181001	8060
20181002	8145
20181003	6329
20181004	6894
20181005	5310
20181006	665
20181007	93
20181008	7726
20181009	8658
20181010	6772
20181011	7916
20181012	5410
20181013	2090
20181014	124
20181015	6468
20181016	7318
20181017	6618
20181018	7081
20181019	5330
20181020	434
20181021	146
20181022	6074
20181023	6971
20181024	5846
20181025	7097
20181026	5095
20181027	910
20181028	74
20181029	7074
20181030	7581
20181031	6626
20181101	6974
20181102	5476
20181103	747
20181104	148
20181105	6281
20181106	7218
20181107	5940
20181108	6834
20181109	6417
20181110	482
20181111	156
20181112	6897
20181113	7753
20181114	6480
20181115	6548
20181116	5747
20181117	408
20181118	155
20181119	6369
20181120	7613
20181121	6994
20181122	6996
20181123	5137
20181124	729
20181125	116
20181126	7045
20181127	5039
20181128	6299
20181129	6610
20181130	5340
20181201	227
20181202	119
20181203	6390
20181204	7672
20181205	6602
20181206	6496
20181207	5085
20181208	431
20181209	181
20181210	6354
20181211	7035
20181212	7466
20181213	6441
20181214	4639
20181215	440
20181216	172
20181217	6801
20181218	6630
20181219	5857
20181220	6364
20181221	4858
20181222	192
20181223	115
20181224	3600
20181225	95
20181226	101
20181227	3886
20181228	3679
20181229	141
20181230	105
20181231	3619
20190101	183
20190102	4849
20190103	5773
20190104	5082
20190105	204
20190106	136
20190107	6701
20190108	7031
20190109	6030
20190110	6882
20190111	5961
20190112	210
20190113	118
20190114	6989
20190115	7681
20190116	6928
20190117	8641
20190118	5189
20190119	232
20190120	167
20190121	6537
20190122	6843
20190123	6027
20190124	5882
20190125	5340
20190126	222
20190127	96
20190128	6521
20190129	6471
20190130	5114
20190131	6357
20190201	4900
20190202	203
20190203	125
20190204	6356
20190205	6384
20190206	5681
20190207	7729
20190208	4853
20190209	178
20190210	165
20190211	6127
20190212	6507
20190213	6368
20190214	6799
20190215	5148
20190216	214
20190217	123
20190218	5401
20190219	5648
20190220	5673
20190221	5408
20190222	4798
20190223	159
20190224	186
20190225	6420
20190226	6644
20190227	6451
20190228	6578
20190301	4861
20190302	171
20190303	152
20190304	6373
20190305	6545
20190306	6466
20190307	6841
20190308	4715
20190309	209
20190310	106
20190311	6716
20190312	6097
20190313	6238
20190314	6362
20190315	4316
20190316	251
20190317	127
20190318	5615
20190319	6771
20190320	5822
20190321	5591
20190322	4338
20190323	205
20190324	100
20190325	6025
20190326	6092
20190327	5746
20190328	5752
20190329	4835
20190330	175
20190331	164
20190401	6577
20190402	6146
20190403	5262
20190404	5862
20190405	4497
20190406	197
20190407	101
20190408	6087
20190409	6235
20190410	5519
20190411	5595
20190412	4640
20190413	172
20190414	91
20190415	5724
20190416	6178
20190417	5539
20190418	5407
20190419	101
20190420	134
20190421	74
20190422	107
20190423	5629
20190424	5346
20190425	5502
20190426	4861
20190427	180
20190428	127
20190429	6213
20190430	6459
20190501	5902
20190502	5997
20190503	4501
20190504	140
20190505	100
20190506	115
20190507	5895
20190508	5617
20190509	5832
20190510	4901
20190511	201
20190512	128
20190513	6492
20190514	5873
20190515	5749
20190516	5907
20190517	5245
20190518	193
20190519	150
20190520	6515
20190521	5047
20190522	6059
20190523	6472
20190524	4937
20190525	201
20190526	99
20190527	100
20190528	6173
20190529	4457
20190530	5727
20190531	4865
20190601	208
20190602	98
20190603	6336
20190604	6276
20190605	5894
20190606	5583
20190607	4917
20190608	162
20190609	90
20190610	6395
20190611	6099
20190612	5691
20190613	5859
20190614	4893
20190615	153
20190616	99
20190617	6213
20190618	6768
20190619	6159
20190620	6227
20190621	5068
20190622	198
20190623	89
20190624	6635
20190625	6150
20190626	5782
20190627	5971
20190628	4738
20190629	174
20190630	130
20190701	6154
20190702	6140
20190703	5997
20190704	6188
20190705	4874
20190706	177
20190707	93
20190708	6468
20190709	5939
20190710	5622
20190711	6032
20190712	4931
20190713	198
20190714	86
20190715	6583
20190716	6251
20190717	5574
20190718	6108
20190719	4602
20190720	178
20190721	122
20190722	5845
20190723	6391
20190724	5285
20190725	5477
20190726	4078
20190727	217
20190728	88
20190729	6253
20190730	5806
20190731	5518
20190801	6049
20190802	4740
20190803	183
20190804	108
20190805	5987
20190806	5744
20190807	5221
20190808	5960
20190809	4967
20190810	171
20190811	75
20190812	5800
20190813	6292
20190814	5826
20190815	5687
20190816	4904
20190817	126
20190818	62
20190819	5539
20190820	7023
20190821	5610
20190822	5536
20190823	4559
20190824	142
20190825	95
20190826	96
20190827	5800
20190828	6867
20190829	5736
20190830	5085
20190831	136
20190901	490
20190902	5957
20190903	7333
20190904	6021
20190905	6964
20190906	7111
20190907	312
20190908	50
20190909	7347
20190910	6957
20190911	5767
20190912	6322
20190913	4709
20190914	496
20190915	171
20190916	6670
20190917	7120
20190918	5570
20190919	6212
20190920	4788
20190921	1206
20190922	101
20190923	7079
20190924	8095
20190925	7888
20190926	9080
20190927	6122
20190928	2178
20190929	138
20190930	9856
20191001	8364
20191002	6516
20191003	7475
20191004	6084
20191005	2750
20191006	123
20191007	7577
20191008	8351
20191009	6940
20191010	7229
20191011	8119
20191012	1130
20191013	102
20191014	7895
20191015	7363
20191016	6837
20191017	7180
20191018	5815
20191019	1470
20191020	118
20191021	6635
20191022	6356
20191023	5694
20191024	6235
20191025	5029
20191026	159
20191027	114
20191028	6569
20191029	7996
20191030	6435
20191031	8244
20191101	5931
20191102	1090
20191103	92
20191104	7639
20191105	6361
20191106	6981
20191107	6221
20191108	6934
20191109	322
20191110	122
20191111	6156
20191112	7169
20191113	5785
20191114	7077
20191115	5950
20191116	360
20191117	104
20191118	5796
20191119	7796
20191120	6305
20191121	6213
20191122	5126
20191123	220
20191124	88
20191125	7336
20191126	7196
20191127	6209
20191128	6483
20191129	5229
20191130	542
20191201	262
20191202	6287
20191203	6079
20191204	6123
20191205	6465
20191206	5086
20191207	198
20191208	102
20191209	6322
20191210	7012
20191211	5810
20191212	6593
20191213	7081
20191214	171
20191215	121
20191216	6409
20191217	7098
20191218	5799
20191219	6766
20191220	6186
20191221	147
20191222	107
20191223	5740
20191224	3365
20191225	49
20191226	51
20191227	2971
20191228	116
20191229	93
20191230	4453
20191231	4037
20200101	222
20200102	4818
20200103	4642
20200104	143
20200105	79
20200106	6273
20200107	7365
20200108	5853
20200109	6489
20200110	6246
20200111	437
20200112	105
20200113	6799
20200114	7736
20200115	5817
20200116	7519
20200117	5474
20200118	199
20200119	92
20200120	6519
20200121	7160
20200122	6073
20200123	6271
20200124	5928
20200125	345
20200126	124
20200127	7460
20200128	6651
20200129	6347
20200130	6025
20200131	5410
20200201	142
20200202	147
20200203	6681
20200204	7308
20200205	5859
20200206	6400
20200207	5032
20200208	154
20200209	113
20200210	6371
20200211	5964
20200212	13092
20200213	5990
20200214	5139
20200215	208
20200216	154
20200217	5736
20200218	7048
20200219	5608
20200220	5879
20200221	4744
20200222	170
20200223	156
20200224	6519
20200225	6727
20200226	6179
20200227	6321
20200228	7523
20200229	356
20200301	135
20200302	6212
20200303	6612
20200304	7610
20200305	6153
20200306	6395
20200307	276
20200308	141
20200309	6441
20200310	6002
20200311	5301
20200312	5586
20200313	4682
20200314	270
20200315	123
20200316	4032
20200317	4693
20200318	3837
20200319	3821
20200320	2754
20200321	121
20200322	40
20200323	3004
20200324	3127
20200325	2833
20200326	2534
20200327	2563
20200328	283
20200329	611
20200330	2919
20200331	2730
20200401	2322
20200402	2532
20200403	2212
20200404	54
20200405	44
20200406	2566
20200407	2643
20200408	2165
20200409	2769
20200410	920
20200411	231
20200412	42
20200413	826
20200414	2698
20200415	2384
20200416	2765
20200417	2417
20200418	98
20200419	40
20200420	2767
20200421	3139
20200422	2785
20200423	2977
20200424	2612
20200425	53
20200426	60
20200427	2941
20200428	3371
20200429	2767
20200430	2722
20200501	2558
20200502	64
20200503	29
20200504	3436
20200505	3060
20200506	2790
20200507	2664
20200508	567
20200509	73
20200510	60
20200511	2947
20200512	2959
20200513	2857
20200514	3301
20200515	3129
20200516	53
20200517	63
20200518	3796
20200519	3813
20200520	2928
20200521	3333
20200522	2664
20200523	38
20200524	39
20200525	40
20200526	3006
20200527	2243
20200528	2721
20200529	2461
20200530	65
20200531	56
20200601	5063
20200602	3538
20200603	3965
20200604	3263
20200605	2367
20200606	59
20200607	67
20200608	4008
20200609	3564
20200610	2505
20200611	2587
20200612	2584
20200613	32
20200614	43
20200615	2992
20200616	2729
20200617	2113
20200618	892
20200630	1
20210707	1
20220101	1
20220402	1
20250201	1
20280312	1
20290501	1
20290604	1
20300201	1
20570409	1
20581027	1
20581110	1
20640310	1
20671127	1
20671207	1
20700912	1
20850201	1
20940608	1
20970116	1
20971002	1
20980318	1
20980326	1
20991117	1
20991208	7
99991231	1