20100102	455
20100103	393
20100104	3126
20100105	1477
20100106	1842
20100107	2646
20100108	2741
20100109	356
20100110	543
20100111	3668
20100112	3698
20100113	3572
20100114	3192
20100115	2941
20100116	338
20100117	268
20100118	3795
20100119	4309
20100120	4474
20100121	2907
20100122	3526
20100123	421
20100124	302
20100125	4457
20100126	3840
20100127	3598
20100128	3535
20100129	2765
20100130	514
20100131	474
20100201	3948
20100202	4249
20100203	3331
20100204	3549
20100205	3351
20100206	415
20100207	312
20100208	4356
20100209	4155
20100210	3988
20100211	3593
20100212	3327
20100213	541
20100214	343
20100215	3851
20100216	3686
20100217	3334
20100218	3132
20100219	2523
20100220	471
20100221	316
20100222	3813
20100223	3815
20100224	3487
20100225	3859
20100226	3149
20100227	475
20100228	377
20100301	4231
20100302	4005
20100303	4345
20100304	3708
20100305	3253
20100306	598
20100307	456
20100308	4417
20100309	4006
20100310	3805
20100311	4096
20100312	3180
20100313	491
20100314	351
20100315	4630
20100316	4302
20100317	4017
20100318	3354
20100319	3222
20100320	751
20100321	432
20100322	3532
20100323	4140
20100324	3901
20100325	3511
20100326	2784
20100327	716
20100328	444
20100329	3833
20100330	10041
20100331	8345
20100401	3417
20100402	460
20100403	513
20100404	381
20100405	399
20100406	3341
20100407	3582
20100408	3414
20100409	2797
20100410	691
20100411	337
20100412	3856
20100413	4167
20100414	3623
20100415	3278
20100416	3230
20100417	533
20100418	402
20100419	3880
20100420	3540
20100421	3830
20100422	3600
20100423	2834
20100424	541
20100425	466
20100426	3859
20100427	3504
20100428	3777
20100429	3102
20100430	3063
20100501	515
20100502	431
20100503	409
20100504	5045
20100505	3451
20100506	3699
20100507	3231
20100508	483
20100509	345
20100510	4015
20100511	3420
20100512	3668
20100513	3631
20100514	3357
20100515	519
20100516	380
20100517	4276
20100518	3592
20100519	3506
20100520	3339
20100521	2934
20100522	529
20100523	338
20100524	3710
20100525	3620
20100526	3791
20100527	3524
20100528	2896
20100529	520
20100530	368
20100531	414
20100601	3508
20100602	3405
20100603	3536
20100604	3785
20100605	530
20100606	480
20100607	3890
20100608	3299
20100609	3827
20100610	3268
20100611	2825
20100612	502
20100613	407
20100614	4093
20100615	3692
20100616	4016
20100617	3285
20100618	3096
20100619	555
20100620	464
20100621	3561
20100622	3643
20100623	3309
20100624	3706
20100625	3132
20100626	656
20100627	401
20100628	3666
20100629	3640
20100630	3824
20100701	3774
20100702	3524
20100703	930
20100704	457
20100705	3840
20100706	3646
20100707	4013
20100708	4137
20100709	3319
20100710	441
20100711	334
20100712	3727
20100713	3716
20100714	3653
20100715	3074
20100716	3402
20100717	590
20100718	346
20100719	3711
20100720	3556
20100721	3298
20100722	3036
20100723	3045
20100724	468
20100725	391
20100726	3462
20100727	3576
20100728	3372
20100729	3310
20100730	3118
20100731	534
20100801	493
20100802	3600
20100803	3555
20100804	3832
20100805	3819
20100806	3063
20100807	491
20100808	439
20100809	3484
20100810	3658
20100811	3736
20100812	3077
20100813	2785
20100814	555
20100815	355
20100816	3740
20100817	3736
20100818	3532
20100819	3651
20100820	4075
20100821	433
20100822	354
20100823	3458
20100824	3291
20100825	3554
20100826	3423
20100827	3096
20100828	387
20100829	321
20100830	430
20100831	4673
20100901	4491
20100902	3472
20100903	3413
20100904	501
20100905	395
20100906	3858
20100907	3894
20100908	3814
20100909	3736
20100910	3552
20100911	679
20100912	392
20100913	3997
20100914	4707
20100915	3656
20100916	4140
20100917	3335
20100918	451
20100919	376
20100920	4176
20100921	4458
20100922	3733
20100923	3326
20100924	3193
20100925	514
20100926	314
20100927	3819
20100928	4119
20100929	3977
20100930	4975
20101001	3561
20101002	986
20101003	531
20101004	4347
20101005	3895
20101006	3514
20101007	3945
20101008	3532
20101009	640
20101010	393
20101011	4351
20101012	4054
20101013	3765
20101014	3434
20101015	3468
20101016	718
20101017	369
20101018	4443
20101019	4384
20101020	3724
20101021	5424
20101022	3849
20101023	516
20101024	414
20101025	3670
20101026	4890
20101027	4073
20101028	3745
20101029	3295
20101030	717
20101031	548
20101101	4044
20101102	3897
20101103	4813
20101104	4039
20101105	3435
20101106	502
20101107	365
20101108	4064
20101109	4260
20101110	3865
20101111	3654
20101112	3933
20101113	493
20101114	389
20101115	4346
20101116	4208
20101117	3913
20101118	3940
20101119	3287
20101120	660
20101121	566
20101122	4330
20101123	3876
20101124	3927
20101125	4151
20101126	3112
20101127	571
20101128	368
20101129	4189
20101130	3887
20101201	3762
20101202	3921
20101203	3949
20101204	538
20101205	421
20101206	4331
20101207	4221
20101208	3919
20101209	3927
20101210	4091
20101211	506
20101212	547
20101213	4292
20101214	4303
20101215	3992
20101216	4199
20101217	3930
20101218	710
20101219	456
20101220	4194
20101221	3869
20101222	3422
20101223	3351
20101224	2090
20101225	237
20101226	421
20101227	537
20101228	602
20101229	2890
20101230	2668
20101231	2033
20110101	1256
20110102	532
20110103	571
20110104	4539
20110105	4403
20110106	4962
20110107	3509
20110108	558
20110109	408
20110110	4575
20110111	4071
20110112	3563
20110113	3902
20110114	3779
20110115	551
20110116	369
20110117	4929
20110118	4180
20110119	3885
20110120	3773
20110121	3617
20110122	542
20110123	507
20110124	4539
20110125	4615
20110126	3843
20110127	3740
20110128	3539
20110129	543
20110130	737
20110131	4503
20110201	4705
20110202	3968
20110203	4216
20110204	3979
20110205	597
20110206	454
20110207	4834
20110208	4557
20110209	3689
20110210	4132
20110211	3375
20110212	777
20110213	466
20110214	9362
20110215	4807
20110216	4431
20110217	4214
20110218	3937
20110219	561
20110220	385
20110221	5058
20110222	4306
20110223	4191
20110224	3826
20110225	3246
20110226	556
20110227	401
20110228	4350
20110301	4470
20110302	3970
20110303	4389
20110304	4126
20110305	640
20110306	504
20110307	5477
20110308	4697
20110309	4201
20110310	4581
20110311	4119
20110312	521
20110313	782
20110314	4524
20110315	5567
20110316	4073
20110317	3731
20110318	3586
20110319	652
20110320	468
20110321	4429
20110322	5112
20110323	3966
20110324	3872
20110325	3294
20110326	621
20110327	435
20110328	4510
20110329	4624
20110330	3591
20110331	6008
20110401	4557
20110402	686
20110403	599
20110404	4911
20110405	4102
20110406	4560
20110407	4576
20110408	3740
20110409	641
20110410	567
20110411	4099
20110412	4502
20110413	4115
20110414	4329
20110415	4447
20110416	613
20110417	498
20110418	4567
20110419	4198
20110420	4794
20110421	4077
20110422	460
20110423	536
20110424	677
20110425	693
20110426	4322
20110427	4176
20110428	3863
20110429	793
20110430	593
20110501	1195
20110502	552
20110503	5006
20110504	5202
20110505	4044
20110506	4193
20110507	730
20110508	423
20110509	4714
20110510	3998
20110511	3773
20110512	4454
20110513	4606
20110514	524
20110515	386
20110516	4748
20110517	4203
20110518	4266
20110519	3751
20110520	3563
20110521	726
20110522	557
20110523	4417
20110524	4458
20110525	4158
20110526	4272
20110527	4582
20110528	592
20110529	501
20110530	573
20110531	4160
20110601	3810
20110602	4187
20110603	3676
20110604	691
20110605	517
20110606	4663
20110607	4289
20110608	4116
20110609	4576
20110610	4056
20110611	625
20110612	372
20110613	5476
20110614	4336
20110615	3824
20110616	4116
20110617	4377
20110618	673
20110619	418
20110620	4564
20110621	4378
20110622	3551
20110623	4031
20110624	3554
20110625	527
20110626	354
20110627	4412
20110628	4058
20110629	3594
20110630	5319
20110701	3225
20110702	727
20110703	403
20110704	4429
20110705	4851
20110706	4525
20110707	4297
20110708	3523
20110709	596
20110710	451
20110711	4443
20110712	4713
20110713	4658
20110714	3859
20110715	3628
20110716	573
20110717	396
20110718	4224
20110719	4025
20110720	3865
20110721	3917
20110722	3331
20110723	507
20110724	339
20110725	4154
20110726	4339
20110727	3995
20110728	3334
20110729	3273
20110730	441
20110731	489
20110801	4170
20110802	4291
20110803	4498
20110804	5313
20110805	3962
20110806	855
20110807	350
20110808	4163
20110809	3764
20110810	4230
20110811	4020
20110812	3757
20110813	657
20110814	405
20110815	4724
20110816	4470
20110817	4946
20110818	3576
20110819	3867
20110820	735
20110821	386
20110822	4444
20110823	4222
20110824	3696
20110825	5983
20110826	3738
20110827	621
20110828	366
20110829	387
20110830	4961
20110831	3921
20110901	3602
20110902	3589
20110903	561
20110904	358
20110905	6283
20110906	4273
20110907	4361
20110908	3960
20110909	3885
20110910	623
20110911	483
20110912	4467
20110913	4063
20110914	4387
20110915	3927
20110916	3872
20110917	733
20110918	423
20110919	4143
20110920	4510
20110921	5235
20110922	4636
20110923	3466
20110924	561
20110925	493
20110926	4808
20110927	4388
20110928	5297
20110929	3967
20110930	3921
20111001	890
20111002	461
20111003	4244
20111004	4852
20111005	4378
20111006	4558
20111007	4021
20111008	681
20111009	518
20111010	5437
20111011	4763
20111012	4711
20111013	4006
20111014	4392
20111015	569
20111016	423
20111017	4517
20111018	4537
20111019	4031
20111020	3962
20111021	3611
20111022	516
20111023	528
20111024	3896
20111025	4028
20111026	4248
20111027	4094
20111028	3038
20111029	668
20111030	386
20111031	3951
20111101	4777
20111102	4751
20111103	4928
20111104	3996
20111105	809
20111106	457
20111107	4454
20111108	4576
20111109	4816
20111110	4351
20111111	3973
20111112	1032
20111113	425
20111114	5798
20111115	4730
20111116	4718
20111117	4491
20111118	3709
20111119	900
20111120	770
20111121	5685
20111122	4400
20111123	4074
20111124	4213
20111125	3510
20111126	644
20111127	466
20111128	5381
20111129	4770
20111130	3484
20111201	3867
20111202	5509
20111203	859
20111204	465
20111205	4448
20111206	5031
20111207	4341
20111208	4246
20111209	3706
20111210	619
20111211	434
20111212	4471
20111213	5112
20111214	4258
20111215	4011
20111216	3989
20111217	548
20111218	533
20111219	4122
20111220	4113
20111221	3816
20111222	3941
20111223	3449
20111224	534
20111225	249
20111226	366
20111227	502
20111228	3251
20111229	3470
20111230	3095
20111231	573
20120101	553
20120102	496
20120103	4969
20120104	4808
20120105	5292
20120106	4625
20120107	651
20120108	782
20120109	4937
20120110	4648
20120111	5485
20120112	4172
20120113	3724
20120114	812
20120115	309
20120116	5823
20120117	4760
20120118	6128
20120119	5028
20120120	3770
20120121	630
20120122	430
20120123	5205
20120124	4977
20120125	4697
20120126	4991
20120127	4304
20120128	746
20120129	481
20120130	5211
20120131	5329
20120201	4951
20120202	4591
20120203	4658
20120204	717
20120205	879
20120206	4955
20120207	5208
20120208	5283
20120209	4779
20120210	4360
20120211	621
20120212	459
20120213	5384
20120214	4803
20120215	4007
20120216	3971
20120217	4402
20120218	1166
20120219	586
20120220	5000
20120221	5423
20120222	4520
20120223	4224
20120224	4108
20120225	910
20120226	411
20120227	5210
20120228	4701
20120229	4413
20120301	4478
20120302	4568
20120303	682
20120304	667
20120305	5515
20120306	5298
20120307	4845
20120308	5912
20120309	4260
20120310	933
20120311	618
20120312	5185
20120313	5702
20120314	4515
20120315	4972
20120316	4285
20120317	678
20120318	457
20120319	5933
20120320	5753
20120321	4879
20120322	4649
20120323	4382
20120324	1139
20120325	446
20120326	4805
20120327	4791
20120328	5091
20120329	4993
20120330	3811
20120331	549
20120401	529
20120402	4473
20120403	4663
20120404	4328
20120405	4160
20120406	1291
20120407	819
20120408	445
20120409	605
20120410	5204
20120411	4912
20120412	4619
20120413	3619
20120414	707
20120415	399
20120416	5779
20120417	4663
20120418	4932
20120419	4792
20120420	4424
20120421	865
20120422	935
20120423	5137
20120424	6161
20120425	5152
20120426	4678
20120427	5096
20120428	1242
20120429	419
20120430	5404
20120501	5571
20120502	4706
20120503	4814
20120504	4663
20120505	717
20120506	492
20120507	650
20120508	5107
20120509	4709
20120510	4727
20120511	4329
20120512	834
20120513	367
20120514	4919
20120515	6267
20120516	4794
20120517	4979
20120518	4699
20120519	661
20120520	450
20120521	5264
20120522	5137
20120523	5434
20120524	4562
20120525	4576
20120526	931
20120527	440
20120528	5146
20120529	4981
20120530	4766
20120531	5097
20120601	4472
20120602	589
20120603	472
20120604	464
20120605	648
20120606	5311
20120607	5475
20120608	4837
20120609	670
20120610	538
20120611	4868
20120612	6319
20120613	5727
20120614	4769
20120615	4609
20120616	613
20120617	364
20120618	5594
20120619	5657
20120620	5589
20120621	5291
20120622	4607
20120623	835
20120624	430
20120625	5028
20120626	4886
20120627	4868
20120628	4915
20120629	4545
20120630	787
20120701	642
20120702	10120
20120703	7079
20120704	5141
20120705	4820
20120706	4937
20120707	530
20120708	457
20120709	8812
20120710	10635
20120711	10281
20120712	7378
20120713	4006
20120714	567
20120715	711
20120716	4664
20120717	14850
20120718	9598
20120719	4702
20120720	11098
20120721	609
20120722	674
20120723	7324
20120724	4899
20120725	4772
20120726	4901
20120727	5225
20120728	689
20120729	494
20120730	4887
20120731	6525
20120801	6992
20120802	10314
20120803	4942
20120804	668
20120805	670
20120806	4794
20120807	4853
20120808	5268
20120809	4950
20120810	4638
20120811	1133
20120812	480
20120813	5079
20120814	4902
20120815	5391
20120816	4848
20120817	3806
20120818	648
20120819	410
20120820	5323
20120821	6584
20120822	4428
20120823	5026
20120824	4012
20120825	544
20120826	364
20120827	465
20120828	5519
20120829	4359
20120830	4612
20120831	4447
20120901	558
20120902	360
20120903	4951
20120904	10341
20120905	5907
20120906	6704
20120907	4413
20120908	512
20120909	421
20120910	5515
20120911	6350
20120912	7764
20120913	6117
20120914	5200
20120915	618
20120916	442
20120917	5175
20120918	5135
20120919	4975
20120920	5172
20120921	5036
20120922	647
20120923	518
20120924	5346
20120925	4956
20120926	5007
20120927	5472
20120928	6660
20120929	822
20120930	401
20121001	5763
20121002	7302
20121003	6597
20121004	7344
20121005	5597
20121006	807
20121007	376
20121008	5551
20121009	9249
20121010	13844
20121011	5221
20121012	4951
20121013	828
20121014	378
20121015	5993
20121016	5546
20121017	5916
20121018	5734
20121019	6516
20121020	1348
20121021	637
20121022	5914
20121023	5869
20121024	5290
20121025	5253
20121026	4589
20121027	593
20121028	597
20121029	5346
20121030	5888
20121031	6191
20121101	8774
20121102	5579
20121103	858
20121104	484
20121105	5892
20121106	6479
20121107	7403
20121108	8967
20121109	6099
20121110	734
20121111	837
20121112	6676
20121113	6267
20121114	6397
20121115	8386
20121116	6689
20121117	879
20121118	423
20121119	5319
20121120	5366
20121121	5190
20121122	5325
20121123	4532
20121124	851
20121125	512
20121126	6000
20121127	5497
20121128	5337
20121129	5239
20121130	4401
20121201	968
20121202	489
20121203	5342
20121204	7381
20121205	6749
20121206	11740
20121207	5403
20121208	684
20121209	359
20121210	5201
20121211	5416
20121212	4902
20121213	13857
20121214	8300
20121215	890
20121216	451
20121217	6716
20121218	5341
20121219	5288
20121220	5349
20121221	4340
20121222	704
20121223	613
20121224	3108
20121225	481
20121226	384
20121227	3825
20121228	3533
20121229	510
20121230	315
20121231	2992
20130101	540
20130102	5341
20130103	5407
20130104	5187
20130105	1096
20130106	474
20130107	6106
20130108	6286
20130109	5715
20130110	6261
20130111	5553
20130112	976
20130113	455
20130114	6262
20130115	6785
20130116	5163
20130117	5837
20130118	5244
20130119	955
20130120	396
20130121	7217
20130122	5639
20130123	9716
20130124	6019
20130125	5694
20130126	694
20130127	520
20130128	5860
20130129	5612
20130130	6351
20130131	5622
20130201	5789
20130202	779
20130203	502
20130204	6389
20130205	7670
20130206	7940
20130207	8623
20130208	5929
20130209	738
20130210	542
20130211	5824
20130212	6229
20130213	5922
20130214	6051
20130215	4539
20130216	956
20130217	624
20130218	5678
20130219	6024
20130220	5943
20130221	6982
20130222	5782
20130223	728
20130224	501
20130225	5971
20130226	5522
20130227	5628
20130228	6981
20130301	4719
20130302	729
20130303	539
20130304	5806
20130305	6021
20130306	5645
20130307	5669
20130308	4961
20130309	795
20130310	516
20130311	6369
20130312	6613
20130313	6031
20130314	5739
20130315	5140
20130316	755
20130317	1098
20130318	5821
20130319	5983
20130320	5651
20130321	5880
20130322	4851
20130323	776
20130324	563
20130325	5898
20130326	5818
20130327	5478
20130328	5721
20130329	788
20130330	546
20130331	604
20130401	1175
20130402	4730
20130403	5168
20130404	5633
20130405	5498
20130406	1154
20130407	579
20130408	6511
20130409	5464
20130410	7582
20130411	5631
20130412	5736
20130413	1756
20130414	679
20130415	6463
20130416	6509
20130417	7097
20130418	5541
20130419	5847
20130420	594
20130421	816
20130422	6972
20130423	6518
20130424	5920
20130425	5859
20130426	5392
20130427	577
20130428	425
20130429	5772
20130430	5536
20130501	6853
20130502	7040
20130503	5989
20130504	654
20130505	691
20130506	612
20130507	6676
20130508	6549
20130509	6663
20130510	6194
20130511	845
20130512	1206
20130513	6306
20130514	6202
20130515	7798
20130516	5049
20130517	5592
20130518	826
20130519	1339
20130520	8279
20130521	6611
20130522	6146
20130523	6668
20130524	5402
20130525	538
20130526	611
20130527	707
20130528	5690
20130529	6135
20130530	5552
20130531	6504
20130601	725
20130602	457
20130603	6078
20130604	6735
20130605	5395
20130606	6616
20130607	5601
20130608	886
20130609	399
20130610	5999
20130611	6485
20130612	6012
20130613	5258
20130614	5386
20130615	716
20130616	423
20130617	6504
20130618	6903
20130619	6106
20130620	5694
20130621	4764
20130622	768
20130623	509
20130624	5991
20130625	6287
20130626	6032
20130627	6081
20130628	5189
20130629	693
20130630	709
20130701	6530
20130702	5916
20130703	6053
20130704	5793
20130705	5432
20130706	1072
20130707	681
20130708	6720
20130709	7464
20130710	7216
20130711	7153
20130712	5495
20130713	1073
20130714	544
20130715	7090
20130716	6300
20130717	5703
20130718	5774
20130719	5005
20130720	722
20130721	536
20130722	6296
20130723	6202
20130724	6085
20130725	5476
20130726	5673
20130727	992
20130728	576
20130729	6039
20130730	6243
20130731	6668
20130801	5991
20130802	5319
20130803	855
20130804	771
20130805	5668
20130806	6014
20130807	7710
20130808	5601
20130809	5222
20130810	736
20130811	766
20130812	5920
20130813	5518
20130814	5602
20130815	6438
20130816	5259
20130817	655
20130818	486
20130819	6177
20130820	6191
20130821	5189
20130822	5276
20130823	5625
20130824	880
20130825	740
20130826	680
20130827	6134
20130828	7236
20130829	6677
20130830	4921
20130831	891
20130901	1012
20130902	5908
20130903	6566
20130904	5819
20130905	6184
20130906	5240
20130907	951
20130908	485
20130909	6506
20130910	7112
20130911	5622
20130912	6294
20130913	5512
20130914	1226
20130915	654
20130916	6308
20130917	6972
20130918	6709
20130919	6903
20130920	5253
20130921	908
20130922	475
20130923	6483
20130924	5895
20130925	6041
20130926	24132
20130927	5751
20130928	1220
20130929	667
20130930	7781
20131001	7175
20131002	6282
20131003	7089
20131004	5701
20131005	822
20131006	746
20131007	7589
20131008	7638
20131009	6593
20131010	7756
20131011	6182
20131012	1079
20131013	1253
20131014	6943
20131015	7200
20131016	6627
20131017	6388
20131018	6116
20131019	1275
20131020	588
20131021	6841
20131022	6775
20131023	7174
20131024	7618
20131025	6701
20131026	856
20131027	968
20131028	6010
20131029	6852
20131030	7343
20131031	6270
20131101	5960
20131102	1334
20131103	745
20131104	6632
20131105	6410
20131106	6414
20131107	6626
20131108	6588
20131109	740
20131110	838
20131111	7305
20131112	6876
20131113	7092
20131114	7430
20131115	6122
20131116	831
20131117	852
20131118	7548
20131119	7234
20131120	7048
20131121	6409
20131122	6307
20131123	1574
20131124	752
20131125	7583
20131126	7068
20131127	6595
20131128	6935
20131129	6538
20131130	866
20131201	621
20131202	7819
20131203	6988
20131204	6385
20131205	7753
20131206	6477
20131207	943
20131208	709
20131209	6796
20131210	7325
20131211	7210
20131212	6533
20131213	6331
20131214	1161
20131215	715
20131216	7254
20131217	6037
20131218	6578
20131219	5898
20131220	6011
20131221	761
20131222	775
20131223	6127
20131224	4540
20131225	444
20131226	905
20131227	4553
20131228	770
20131229	556
20131230	5285
20131231	3614
20140101	992
20140102	5115
20140103	5207
20140104	1538
20140105	737
20140106	7104
20140107	7904
20140108	7400
20140109	6956
20140110	6747
20140111	761
20140112	478
20140113	8319
20140114	7316
20140115	7953
20140116	7155
20140117	7079
20140118	1111
20140119	664
20140120	7167
20140121	7224
20140122	6580
20140123	6671
20140124	6127
20140125	1795
20140126	654
20140127	7133
20140128	7244
20140129	7656
20140130	6926
20140131	5931
20140201	1146
20140202	823
20140203	7094
20140204	8302
20140205	7365
20140206	6606
20140207	6449
20140208	933
20140209	632
20140210	7400
20140211	6836
20140212	25936
20140213	7267
20140214	6763
20140215	684
20140216	546
20140217	7161
20140218	7522
20140219	7267
20140220	6471
20140221	5959
20140222	1130
20140223	749
20140224	7121
20140225	7527
20140226	8835
20140227	6433
20140228	6529
20140301	1283
20140302	1868
20140303	8219
20140304	7455
20140305	7546
20140306	7565
20140307	19907
20140308	751
20140309	605
20140310	8441
20140311	7644
20140312	7925
20140313	8105
20140314	6332
20140315	1163
20140316	689
20140317	17551
20140318	7777
20140319	7894
20140320	6311
20140321	6272
20140322	782
20140323	848
20140324	8136
20140325	7355
20140326	7415
20140327	7646
20140328	6197
20140329	1980
20140330	529
20140331	7083
20140401	7426
20140402	6893
20140403	6123
20140404	6617
20140405	978
20140406	786
20140407	7634
20140408	7330
20140409	7606
20140410	7775
20140411	6411
20140412	1197
20140413	486
20140414	6953
20140415	7093
20140416	6685
20140417	6926
20140418	742
20140419	577
20140420	1023
20140421	964
20140422	6676
20140423	7190
20140424	6497
20140425	6152
20140426	732
20140427	565
20140428	7425
20140429	7235
20140430	6829
20140501	6377
20140502	6665
20140503	969
20140504	839
20140505	700
20140506	7463
20140507	7459
20140508	7157
20140509	6238
20140510	1483
20140511	769
20140512	6979
20140513	8466
20140514	6645
20140515	6807
20140516	6417
20140517	918
20140518	871
20140519	7341
20140520	8182
20140521	7830
20140522	6974
20140523	6363
20140524	1051
20140525	577
20140526	801
20140527	7374
20140528	6452
20140529	6598
20140530	5831
20140531	921
20140601	640
20140602	6600
20140603	6683
20140604	7014
20140605	7078
20140606	6769
20140607	696
20140608	918
20140609	7291
20140610	6992
20140611	6702
20140612	6771
20140613	6486
20140614	1578
20140615	804
20140616	7827
20140617	7800
20140618	7177
20140619	6669
20140620	6566
20140621	888
20140622	1207
20140623	6363
20140624	8001
20140625	6265
20140626	7188
20140627	5551
20140628	1142
20140629	920
20140630	6855
20140701	7292
20140702	8337
20140703	7468
20140704	6388
20140705	677
20140706	542
20140707	7265
20140708	7104
20140709	6802
20140710	6708
20140711	6264
20140712	874
20140713	551
20140714	6771
20140715	6989
20140716	6646
20140717	6034
20140718	6077
20140719	733
20140720	518
20140721	6622
20140722	7651
20140723	6151
20140724	7229
20140725	5900
20140726	1046
20140727	738
20140728	6706
20140729	8902
20140730	7930
20140731	6426
20140801	5212
20140802	1228
20140803	559
20140804	5933
20140805	6851
20140806	7131
20140807	6226
20140808	5765
20140809	1255
20140810	1001
20140811	7350
20140812	6592
20140813	7334
20140814	7449
20140815	5981
20140816	748
20140817	572
20140818	7204
20140819	6460
20140820	6596
20140821	6051
20140822	5099
20140823	752
20140824	1124
20140825	737
20140826	6500
20140827	6307
20140828	6354
20140829	5748
20140830	1204
20140831	971
20140901	7210
20140902	7077
20140903	7000
20140904	7137
20140905	6088
20140906	1135
20140907	1107
20140908	7460
20140909	6830
20140910	7013
20140911	6542
20140912	5784
20140913	1095
20140914	695
20140915	8292
20140916	7410
20140917	7627
20140918	7638
20140919	5974
20140920	1169
20140921	877
20140922	8259
20140923	7122
20140924	7053
20140925	8072
20140926	8631
20140927	1007
20140928	1643
20140929	8059
20140930	7799
20141001	7422
20141002	7680
20141003	6600
20141004	1264
20141005	895
20141006	6527
20141007	8109
20141008	7709
20141009	7760
20141010	6133
20141011	1057
20141012	784
20141013	8151
20141014	9389
20141015	8688
20141016	7229
20141017	6844
20141018	870
20141019	968
20141020	7492
20141021	8159
20141022	7045
20141023	8044
20141024	6419
20141025	879
20141026	1050
20141027	8322
20141028	8719
20141029	7480
20141030	7064
20141031	6526
20141101	995
20141102	715
20141103	7888
20141104	13393
20141105	7212
20141106	8148
20141107	6186
20141108	986
20141109	845
20141110	8141
20141111	7790
20141112	8690
20141113	7444
20141114	9372
20141115	1083
20141116	547
20141117	7436
20141118	7755
20141119	8047
20141120	7397
20141121	6893
20141122	938
20141123	718
20141124	7569
20141125	9371
20141126	8042
20141127	7386
20141128	6689
20141129	945
20141130	625
20141201	7272
20141202	8316
20141203	7979
20141204	6961
20141205	5475
20141206	1115
20141207	689
20141208	8370
20141209	12480
20141210	7453
20141211	12792
20141212	7020
20141213	1520
20141214	745
20141215	8295
20141216	7507
20141217	8307
20141218	7316
20141219	6729
20141220	870
20141221	673
20141222	8152
20141223	6493
20141224	4192
20141225	494
20141226	877
20141227	757
20141228	898
20141229	6676
20141230	5282
20141231	5013
20150101	6637
20150102	5667
20150103	825
20150104	911
20150105	7049
20150106	7518
20150107	14481
20150108	8213
20150109	7614
20150110	1014
20150111	836
20150112	9168
20150113	8067
20150114	8227
20150115	7115
20150116	7602
20150117	1182
20150118	798
20150119	7799
20150120	9412
20150121	8122
20150122	8743
20150123	6590
20150124	1159
20150125	774
20150126	8252
20150127	8045
20150128	7147
20150129	7722
20150130	6924
20150131	961
20150201	686
20150202	8971
20150203	9342
20150204	8551
20150205	8455
20150206	7595
20150207	950
20150208	705
20150209	9610
20150210	8951
20150211	8623
20150212	7909
20150213	6815
20150214	1035
20150215	692
20150216	8713
20150217	7694
20150218	9871
20150219	7596
20150220	6618
20150221	1425
20150222	898
20150223	8617
20150224	9878
20150225	7881
20150226	8362
20150227	7318
20150228	1146
20150301	1125
20150302	9898
20150303	8794
20150304	8636
20150305	8121
20150306	6895
20150307	890
20150308	892
20150309	8933
20150310	9066
20150311	9125
20150312	8498
20150313	7339
20150314	1189
20150315	875
20150316	10828
20150317	9097
20150318	9677
20150319	7361
20150320	7592
20150321	1123
20150322	1496
20150323	10212
20150324	8982
20150325	7772
20150326	9043
20150327	7936
20150328	1004
20150329	914
20150330	8864
20150331	8654
20150401	9338
20150402	6984
20150403	958
20150404	1150
20150405	694
20150406	1055
20150407	8336
20150408	9505
20150409	8213
20150410	6926
20150411	1324
20150412	827
20150413	7631
20150414	8768
20150415	8791
20150416	9851
20150417	6931
20150418	1272
20150419	872
20150420	8523
20150421	9380
20150422	8497
20150423	7953
20150424	8343
20150425	1652
20150426	1210
20150427	8941
20150428	9145
20150429	7791
20150430	8729
20150501	7666
20150502	664
20150503	748
20150504	1305
20150505	8935
20150506	10332
20150507	8569
20150508	7792
20150509	1458
20150510	991
20150511	9255
20150512	9106
20150513	9144
20150514	9058
20150515	9489
20150516	1011
20150517	1147
20150518	10387
20150519	10120
20150520	8722
20150521	8585
20150522	7080
20150523	917
20150524	734
20150525	1011
20150526	7923
20150527	11539
20150528	7628
20150529	15587
20150530	1112
20150531	813
20150601	9327
20150602	7984
20150603	8069
20150604	13551
20150605	7674
20150606	1321
20150607	1033
20150608	8868
20150609	20234
20150610	9216
20150611	10012
20150612	9946
20150613	1253
20150614	792
20150615	10942
20150616	9444
20150617	13020
20150618	12008
20150619	8357
20150620	1013
20150621	601
20150622	20071
20150623	22544
20150624	17323
20150625	11944
20150626	30094
20150627	1213
20150628	851
20150629	48783
20150630	34361
20150701	8227
20150702	9453
20150703	6904
20150704	1031
20150705	1485
20150706	8916
20150707	9156
20150708	9409
20150709	18638
20150710	9519
20150711	1025
20150712	842
20150713	9108
20150714	9652
20150715	7642
20150716	9920
20150717	7897
20150718	845
20150719	729
20150720	8971
20150721	9125
20150722	7557
20150723	14383
20150724	8162
20150725	758
20150726	914
20150727	10421
20150728	9794
20150729	7875
20150730	8619
20150731	6118
20150801	1322
20150802	1184
20150803	8529
20150804	9332
20150805	8862
20150806	8101
20150807	7227
20150808	1801
20150809	677
20150810	8185
20150811	8369
20150812	13944
20150813	8441
20150814	6461
20150815	2012
20150816	676
20150817	8680
20150818	8303
20150819	7784
20150820	8636
20150821	6896
20150822	1007
20150823	595
20150824	9850
20150825	9218
20150826	9382
20150827	8162
20150828	7152
20150829	791
20150830	588
20150831	710
20150901	8702
20150902	8575
20150903	8247
20150904	7492
20150905	718
20150906	778
20150907	10453
20150908	10592
20150909	8013
20150910	9629
20150911	7619
20150912	994
20150913	1075
20150914	9013
20150915	10180
20150916	8870
20150917	9905
20150918	7611
20150919	1359
20150920	803
20150921	11344
20150922	9163
20150923	7443
20150924	6999
20150925	8688
20150926	2123
20150927	764
20150928	17605
20150929	9768
20150930	8308
20151001	11640
20151002	8179
20151003	1263
20151004	688
20151005	8651
20151006	10257
20151007	9594
20151008	8711
20151009	8164
20151010	1295
20151011	1567
20151012	9760
20151013	10753
20151014	9977
20151015	8517
20151016	7623
20151017	1180
20151018	738
20151019	10178
20151020	9984
20151021	8954
20151022	9206
20151023	8418
20151024	1226
20151025	1208
20151026	10555
20151027	9553
20151028	7300
20151029	9135
20151030	7707
20151031	1491
20151101	1251
20151102	8629
20151103	9007
20151104	9252
20151105	10890
20151106	9516
20151107	1939
20151108	767
20151109	10879
20151110	8025
20151111	8961
20151112	9826
20151113	9579
20151114	1493
20151115	947
20151116	9829
20151117	10434
20151118	9120
20151119	8475
20151120	8028
20151121	1156
20151122	840
20151123	9472
20151124	8360
20151125	9962
20151126	8322
20151127	9951
20151128	1168
20151129	577
20151130	10155
20151201	13084
20151202	9059
20151203	7957
20151204	8483
20151205	842
20151206	759
20151207	9724
20151208	10160
20151209	8589
20151210	9826
20151211	7318
20151212	1614
20151213	1035
20151214	10489
20151215	10584
20151216	8504
20151217	8402
20151218	7735
20151219	1756
20151220	892
20151221	8963
20151222	9277
20151223	8488
20151224	5264
20151225	481
20151226	665
20151227	1407
20151228	907
20151229	19560
20151230	6576
20151231	5613
20160101	1056
20160102	1074
20160103	1240
20160104	8510
20160105	9040
20160106	10666
20160107	9176
20160108	9102
20160109	1118
20160110	943
20160111	10654
20160112	8520
20160113	9857
20160114	10479
20160115	8191
20160116	1496
20160117	1487
20160118	9802
20160119	10433
20160120	9794
20160121	9513
20160122	8034
20160123	1323
20160124	919
20160125	9215
20160126	9512
20160127	11260
20160128	10415
20160129	8500
20160130	1212
20160131	971
20160201	10626
20160202	10086
20160203	8652
20160204	15427
20160205	7833
20160206	1436
20160207	1066
20160208	10223
20160209	10628
20160210	9361
20160211	9796
20160212	7647
20160213	1926
20160214	1711
20160215	8378
20160216	13779
20160217	10964
20160218	12747
20160219	6992
20160220	1395
20160221	1244
20160222	14512
20160223	9089
20160224	9480
20160225	9723
20160226	7102
20160227	969
20160228	1149
20160229	21452
20160301	9563
20160302	9588
20160303	9212
20160304	8020
20160305	1589
20160306	798
20160307	9263
20160308	9579
20160309	9971
20160310	9125
20160311	8071
20160312	1107
20160313	770
20160314	10267
20160315	10562
20160316	9263
20160317	8576
20160318	8021
20160319	1460
20160320	685
20160321	9221
20160322	10823
20160323	10723
20160324	10632
20160325	878
20160326	1094
20160327	776
20160328	1022
20160329	10815
20160330	8682
20160331	13355
20160401	8057
20160402	1426
20160403	1039
20160404	8731
20160405	13459
20160406	11829
20160407	8527
20160408	7238
20160409	867
20160410	707
20160411	10879
20160412	10349
20160413	9592
20160414	9392
20160415	7998
20160416	856
20160417	871
20160418	9292
20160419	9721
20160420	9677
20160421	9568
20160422	8389
20160423	900
20160424	669
20160425	10166
20160426	13329
20160427	8699
20160428	8607
20160429	7832
20160430	1542
20160501	1016
20160502	1277
20160503	10308
20160504	10944
20160505	10264
20160506	8541
20160507	1205
20160508	1611
20160509	9874
20160510	9892
20160511	10148
20160512	9339
20160513	8239
20160514	1187
20160515	1117
20160516	9998
20160517	9957
20160518	9463
20160519	9719
20160520	8680
20160521	1698
20160522	1051
20160523	10955
20160524	10186
20160525	8619
20160526	8541
20160527	7511
20160528	987
20160529	1272
20160530	1154
20160531	8297
20160601	9085
20160602	8454
20160603	7609
20160604	1119
20160605	1690
20160606	9069
20160607	9773
20160608	10971
20160609	9279
20160610	7306
20160611	1036
20160612	905
20160613	9018
20160614	11092
20160615	10510
20160616	12580
20160617	8837
20160618	1570
20160619	1299
20160620	10308
20160621	11972
20160622	9084
20160623	11351
20160624	8396
20160625	1244
20160626	1001
20160627	9998
20160628	10459
20160629	9803
20160630	10655
20160701	6999
20160702	1172
20160703	765
20160704	8636
20160705	10014
20160706	9169
20160707	9030
20160708	7257
20160709	1070
20160710	835
20160711	11855
20160712	9812
20160713	9350
20160714	8721
20160715	7821
20160716	1495
20160717	873
20160718	12109
20160719	10020
20160720	11024
20160721	8596
20160722	7402
20160723	1348
20160724	1460
20160725	10716
20160726	10229
20160727	8969
20160728	9083
20160729	8561
20160730	1567
20160731	1241
20160801	8663
20160802	9856
20160803	10699
20160804	9385
20160805	7645
20160806	1416
20160807	894
20160808	8965
20160809	9055
20160810	9513
20160811	8422
20160812	7595
20160813	1537
20160814	1118
20160815	9595
20160816	9898
20160817	9820
20160818	10024
20160819	7657
20160820	1068
20160821	881
20160822	10691
20160823	9594
20160824	9048
20160825	9504
20160826	6932
20160827	1419
20160828	1114
20160829	973
20160830	9774
20160831	9516
20160901	16262
20160902	9463
20160903	1657
20160904	1853
20160905	12073
20160906	10728
20160907	10280
20160908	14283
20160909	8558
20160910	1337
20160911	1343
20160912	8938
20160913	11251
20160914	9627
20160915	10299
20160916	11450
20160917	1401
20160918	1375
20160919	10332
20160920	12108
20160921	11468
20160922	10922
20160923	8147
20160924	1529
20160925	1171
20160926	9924
20160927	11212
20160928	8585
20160929	10387
20160930	8392
20161001	2142
20161002	1110
20161003	12349
20161004	10731
20161005	9522
20161006	9815
20161007	8371
20161008	1974
20161009	1068
20161010	10752
20161011	12471
20161012	11264
20161013	10856
20161014	8709
20161015	2150
20161016	1813
20161017	11443
20161018	11482
20161019	11823
20161020	11535
20161021	11536
20161022	2071
20161023	1440
20161024	10277
20161025	9653
20161026	12769
20161027	10859
20161028	9023
20161029	1494
20161030	1065
20161031	9842
20161101	12055
20161102	9566
20161103	10140
20161104	8458
20161105	1732
20161106	1152
20161107	12888
20161108	11677
20161109	10586
20161110	12133
20161111	8838
20161112	1323
20161113	857
20161114	11942
20161115	11236
20161116	9353
20161117	11727
20161118	8921
20161119	1823
20161120	1612
20161121	9838
20161122	11855
20161123	11450
20161124	12909
20161125	11331
20161126	1909
20161127	863
20161128	10660
20161129	11410
20161130	9754
20161201	9909
20161202	8998
20161203	1332
20161204	1079
20161205	11427
20161206	12268
20161207	13018
20161208	10341
20161209	10172
20161210	1427
20161211	1414
20161212	10259
20161213	11927
20161214	10308
20161215	10703
20161216	8410
20161217	1691
20161218	883
20161219	11130
20161220	10909
20161221	10590
20161222	10738
20161223	8574
20161224	1318
20161225	1140
20161226	875
20161227	1289
20161228	6933
20161229	9505
20161230	7514
20161231	1078
20170101	1688
20170102	1407
20170103	12624
20170104	11674
20170105	12490
20170106	8814
20170107	1749
20170108	1079
20170109	12373
20170110	11904
20170111	11897
20170112	11417
20170113	9030
20170114	1250
20170115	1153
20170116	13492
20170117	12404
20170118	12377
20170119	12073
20170120	10322
20170121	1723
20170122	1725
20170123	11672
20170124	12032
20170125	11381
20170126	12662
20170127	10750
20170128	2070
20170129	1828
20170130	12618
20170131	14739
20170201	14917
20170202	12433
20170203	9970
20170204	1970
20170205	1410
20170206	12462
20170207	12582
20170208	10549
20170209	13720
20170210	11528
20170211	2033
20170212	1972
20170213	13006
20170214	13422
20170215	10739
20170216	12093
20170217	10329
20170218	1712
20170219	1196
20170220	13643
20170221	11541
20170222	11511
20170223	9585
20170224	9890
20170225	1736
20170226	1344
20170227	11874
20170228	13219
20170301	13883
20170302	12200
20170303	12861
20170304	1751
20170305	1729
20170306	10989
20170307	12442
20170308	10655
20170309	12465
20170310	9500
20170311	2054
20170312	1327
20170313	11418
20170314	13276
20170315	12467
20170316	12329
20170317	10042
20170318	1759
20170319	1366
20170320	11855
20170321	19264
20170322	12742
20170323	12803
20170324	11275
20170325	2480
20170326	1020
20170327	12155
20170328	13200
20170329	12222
20170330	12161
20170331	9574
20170401	1785
20170402	1672
20170403	11702
20170404	12436
20170405	10273
20170406	11749
20170407	9743
20170408	1273
20170409	1059
20170410	11990
20170411	15018
20170412	9538
20170413	11814
20170414	942
20170415	926
20170416	1075
20170417	1864
20170418	11835
20170419	11932
20170420	12456
20170421	9869
20170422	1360
20170423	1402
20170424	11885
20170425	14251
20170426	12009
20170427	12375
20170428	9521
20170429	1458
20170430	1379
20170501	1123
20170502	11880
20170503	13156
20170504	13329
20170505	9870
20170506	1332
20170507	1567
20170508	12028
20170509	11896
20170510	11738
20170511	12502
20170512	9855
20170513	1741
20170514	1123
20170515	12185
20170516	12938
20170517	11930
20170518	15409
20170519	9176
20170520	1294
20170521	1241
20170522	13179
20170523	11064
20170524	10463
20170525	12416
20170526	10071
20170527	1167
20170528	940
20170529	1111
20170530	12213
20170531	11647
20170601	12810
20170602	9010
20170603	1325
20170604	1073
20170605	11780
20170606	11344
20170607	10718
20170608	11855
20170609	10868
20170610	1306
20170611	1275
20170612	14986
20170613	11918
20170614	12346
20170615	15064
20170616	10058
20170617	2152
20170618	1492
20170619	13429
20170620	11953
20170621	10785
20170622	12264
20170623	10969
20170624	2317
20170625	1006
20170626	14061
20170627	14985
20170628	11856
20170629	11926
20170630	8824
20170701	2084
20170702	1868
20170703	11759
20170704	12669
20170705	13414
20170706	13912
20170707	10765
20170708	1584
20170709	1388
20170710	12245
20170711	14564
20170712	11794
20170713	11885
20170714	10393
20170715	2241
20170716	1092
20170717	14755
20170718	14063
20170719	11400
20170720	11972
20170721	15692
20170722	1491
20170723	1307
20170724	13350
20170725	11283
20170726	11344
20170727	14016
20170728	10624
20170729	1412
20170730	1451
20170731	12668
20170801	13256
20170802	12102
20170803	12971
20170804	13388
20170805	1705
20170806	1303
20170807	12616
20170808	13326
20170809	14922
20170810	12861
20170811	9722
20170812	1155
20170813	1949
20170814	12477
20170815	11992
20170816	12796
20170817	12897
20170818	12446
20170819	1526
20170820	1445
20170821	12167
20170822	10966
20170823	11699
20170824	13219
20170825	11354
20170826	2130
20170827	1909
20170828	1196
20170829	11719
20170830	11321
20170831	12830
20170901	10173
20170902	1678
20170903	1145
20170904	15043
20170905	16835
20170906	11452
20170907	15261
20170908	10716
20170909	1436
20170910	2386
20170911	13626
20170912	21148
20170913	12445
20170914	13491
20170915	9637
20170916	2676
20170917	1903
20170918	14389
20170919	17133
20170920	15187
20170921	12760
20170922	12325
20170923	2132
20170924	2076
20170925	13314
20170926	18745
20170927	16804
20170928	14040
20170929	35409
20170930	1984
20171001	1532
20171002	14792
20171003	14831
20171004	16523
20171005	15475
20171006	9576
20171007	2080
20171008	1557
20171009	14064
20171010	16325
20171011	15793
20171012	14094
20171013	10717
20171014	1570
20171015	1502
20171016	12938
20171017	16167
20171018	12516
20171019	13740
20171020	11635
20171021	2084
20171022	1644
20171023	12217
20171024	13250
20171025	13262
20171026	14857
20171027	10074
20171028	2693
20171029	1845
20171030	14163
20171031	15778
20171101	16783
20171102	14498
20171103	13169
20171104	1877
20171105	1217
20171106	14371
20171107	14121
20171108	18218
20171109	15425
20171110	12788
20171111	1507
20171112	1715
20171113	13259
20171114	16564
20171115	13943
20171116	14296
20171117	11590
20171118	2047
20171119	1749
20171120	13350
20171121	18793
20171122	15524
20171123	13341
20171124	13704
20171125	2010
20171126	1268
20171127	24025
20171128	14398
20171129	14815
20171130	13359
20171201	11181
20171202	1855
20171203	1172
20171204	13216
20171205	17066
20171206	14033
20171207	12258
20171208	11412
20171209	1613
20171210	1172
20171211	14693
20171212	13506
20171213	15953
20171214	11813
20171215	12353
20171216	1653
20171217	1446
20171218	12358
20171219	13604
20171220	14440
20171221	15284
20171222	8417
20171223	1206
20171224	859
20171225	542
20171226	1423
20171227	10408
20171228	12142
20171229	10047
20171230	1283
20171231	1543
20180101	1631
20180102	14628
20180103	13577
20180104	13323
20180105	13122
20180106	1769
20180107	1642
20180108	17735
20180109	18309
20180110	15838
20180111	16780
20180112	13285
20180113	2635
20180114	1513
20180115	13671
20180116	16778
20180117	16449
20180118	13386
20180119	12321
20180120	1509
20180121	1776
20180122	15203
20180123	14289
20180124	14267
20180125	16372
20180126	12451
20180127	1400
20180128	1918
20180129	15195
20180130	17334
20180131	16972
20180201	13608
20180202	14601
20180203	2177
20180204	1512
20180205	16706
20180206	16324
20180207	14455
20180208	13446
20180209	12670
20180210	1379
20180211	1521
20180212	15096
20180213	17123
20180214	12649
20180215	11359
20180216	10223
20180217	1987
20180218	1576
20180219	13906
20180220	16668
20180221	15834
20180222	14576
20180223	12801
20180224	1694
20180225	1696
20180226	15310
20180227	12936
20180228	15921
20180301	14373
20180302	13298
20180303	2221
20180304	1869
20180305	17259
20180306	15125
20180307	14723
20180308	13728
20180309	15535
20180310	3123
20180311	1700
20180312	18294
20180313	15903
20180314	17146
20180315	17398
20180316	13628
20180317	1630
20180318	1614
20180319	15971
20180320	14698
20180321	12133
20180322	11983
20180323	11257
20180324	1884
20180325	2068
20180326	14373
20180327	14080
20180328	14401
20180329	18120
20180330	3711
20180331	1661
20180401	1238
20180402	4213
20180403	14040
20180404	15311
20180405	14412
20180406	14394
20180407	1856
20180408	1912
20180409	17874
20180410	14346
20180411	14668
20180412	14560
20180413	13772
20180414	2025
20180415	1682
20180416	18311
20180417	15251
20180418	15447
20180419	14377
20180420	13505
20180421	1995
20180422	1532
20180423	16940
20180424	24759
20180425	15698
20180426	17369
20180427	13353
20180428	1533
20180429	3112
20180430	18390
20180501	16136
20180502	18026
20180503	15609
20180504	13316
20180505	1719
20180506	970
20180507	4151
20180508	17879
20180509	15314
20180510	18321
20180511	14168
20180512	1878
20180513	1628
20180514	18762
20180515	15470
20180516	14786
20180517	22194
20180518	20896
20180519	1867
20180520	1974
20180521	19586
20180522	16214
20180523	16889
20180524	20448
20180525	11183
20180526	1670
20180527	1385
20180528	1905
20180529	15914
20180530	14652
20180531	15637
20180601	15826
20180602	1626
20180603	1578
20180604	17013
20180605	18166
20180606	18292
20180607	18222
20180608	14858
20180609	1912
20180610	1823
20180611	20182
20180612	16324
20180613	13571
20180614	18959
20180615	11611
20180616	2792
20180617	1981
20180618	15540
20180619	17708
20180620	17071
20180621	14645
20180622	14261
20180623	1552
20180624	1528
20180625	13765
20180626	19219
20180627	15663
20180628	16853
20180629	12277
20180630	1867
20180701	2003
20180702	16895
20180703	16493
20180704	15731
20180705	14990
20180706	16787
20180707	6544
20180708	2734
20180709	14988
20180710	15467
20180711	16583
20180712	14208
20180713	13234
20180714	1922
20180715	2384
20180716	17070
20180717	14755
20180718	18792
20180719	20791
20180720	16148
20180721	2833
20180722	2906
20180723	18699
20180724	18537
20180725	17897
20180726	15073
20180727	12199
20180728	2282
20180729	2660
20180730	16656
20180731	17593
20180801	15800
20180802	14546
20180803	12089
20180804	1816
20180805	3080
20180806	14822
20180807	14885
20180808	15051
20180809	13929
20180810	11993
20180811	2041
20180812	3206
20180813	20063
20180814	15619
20180815	15015
20180816	14933
20180817	13470
20180818	2844
20180819	2919
20180820	19006
20180821	16599
20180822	15873
20180823	18368
20180824	12505
20180825	2660
20180826	1974
20180827	2652
20180828	16259
20180829	14813
20180830	18190
20180831	15756
20180901	4579
20180902	3035
20180903	17069
20180904	16118
20180905	17473
20180906	21016
20180907	14246
20180908	3856
20180909	3769
20180910	20088
20180911	16479
20180912	17423
20180913	19694
20180914	16288
20180915	1950
20180916	3548
20180917	25134
20180918	23958
20180919	17140
20180920	15034
20180921	17805
20180922	3878
20180923	3153
20180924	21104
20180925	17218
20180926	15183
20180927	17444
20180928	12314
20180929	2509
20180930	3352
20181001	16828
20181002	22764
20181003	17506
20181004	24881
20181005	15272
20181006	2874
20181007	3424
20181008	18388
20181009	23530
20181010	19706
20181011	24024
20181012	21619
20181013	4826
20181014	4589
20181015	22219
20181016	20792
20181017	18812
20181018	21717
20181019	16290
20181020	3294
20181021	4600
20181022	20479
20181023	19151
20181024	21947
20181025	19679
20181026	15673
20181027	4003
20181028	5050
20181029	26097
20181030	24678
20181031	19847
20181101	22443
20181102	16392
20181103	4234
20181104	4326
20181105	22607
20181106	19104
20181107	16857
20181108	22982
20181109	15269
20181110	2404
20181111	5431
20181112	18235
20181113	24860
20181114	15623
20181115	20354
20181116	17497
20181117	3985
20181118	5470
20181119	20119
20181120	21851
20181121	18376
20181122	20223
20181123	17683
20181124	2769
20181125	4421
20181126	21555
20181127	17637
20181128	17331
20181129	18329
20181130	15486
20181201	4128
20181202	6065
20181203	21904
20181204	22877
20181205	20993
20181206	18375
20181207	19948
20181208	3530
20181209	4359
20181210	22629
20181211	20781
20181212	16904
20181213	17923
20181214	13644
20181215	3654
20181216	4684
20181217	22960
20181218	19998
20181219	18165
20181220	17389
20181221	16576
20181222	2138
20181223	2125
20181224	13687
20181225	1494
20181226	1520
20181227	13240
20181228	12152
20181229	1134
20181230	2688
20181231	13820
20190101	3556
20190102	29494
20190103	16659
20190104	15605
20190105	3261
20190106	4709
20190107	21447
20190108	21375
20190109	17751
20190110	19062
20190111	19354
20190112	3950
20190113	4852
20190114	29266
20190115	21559
20190116	17784
20190117	19593
20190118	21955
20190119	3111
20190120	4135
20190121	22986
20190122	20194
20190123	20146
20190124	18872
20190125	16458
20190126	3420
20190127	4155
20190128	21809
20190129	26851
20190130	16741
20190131	19621
20190201	16057
20190202	3193
20190203	3915
20190204	22083
20190205	19461
20190206	21711
20190207	17895
20190208	17410
20190209	4222
20190210	4121
20190211	20095
20190212	21887
20190213	19732
20190214	17917
20190215	17428
20190216	3710
20190217	5686
20190218	23182
20190219	18633
20190220	18034
20190221	17970
20190222	16288
20190223	3172
20190224	5545
20190225	25291
20190226	22765
20190227	21166
20190228	19464
20190301	15804
20190302	3059
20190303	4690
20190304	21840
20190305	24913
20190306	19120
20190307	19826
20190308	19924
20190309	3024
20190310	5912
20190311	18824
20190312	20550
20190313	25647
20190314	19618
20190315	14837
20190316	2895
20190317	4609
20190318	22578
20190319	21466
20190320	18526
20190321	17793
20190322	19221
20190323	3723
20190324	3946
20190325	20318
20190326	22494
20190327	18683
20190328	16893
20190329	16301
20190330	2675
20190331	4375
20190401	22442
20190402	20387
20190403	19427
20190404	20222
20190405	18325
20190406	3034
20190407	4242
20190408	22381
20190409	27847
20190410	19238
20190411	17649
20190412	16291
20190413	3532
20190414	4164
20190415	21995
20190416	21838
20190417	19546
20190418	16309
20190419	1374
20190420	2504
20190421	1863
20190422	4244
20190423	22706
20190424	24061
20190425	17609
20190426	23114
20190427	2581
20190428	4194
20190429	20282
20190430	21796
20190501	22640
20190502	18112
20190503	16424
20190504	2873
20190505	2729
20190506	3988
20190507	20602
20190508	22592
20190509	19163
20190510	19225
20190511	3580
20190512	4504
20190513	23096
20190514	22863
20190515	30342
20190516	18116
20190517	17491
20190518	2902
20190519	4757
20190520	20837
20190521	23470
20190522	19789
20190523	22473
20190524	16535
20190525	2739
20190526	2222
20190527	4467
20190528	21732
20190529	17461
20190530	16442
20190531	23154
20190601	14080
20190602	5118
20190603	23536
20190604	26982
20190605	19436
20190606	19535
20190607	17879
20190608	3114
20190609	4942
20190610	22974
20190611	23862
20190612	20407
20190613	18585
20190614	17844
20190615	3409
20190616	4616
20190617	23440
20190618	22107
20190619	20691
20190620	20349
20190621	16632
20190622	3676
20190623	4289
20190624	23704
20190625	24721
20190626	19955
20190627	17700
20190628	16434
20190629	3267
20190630	5932
20190701	20702
20190702	22617
20190703	19396
20190704	19067
20190705	16052
20190706	3440
20190707	4671
20190708	20726
20190709	24026
20190710	24174
20190711	16413
20190712	17470
20190713	2990
20190714	4624
20190715	22644
20190716	21960
20190717	20153
20190718	19820
20190719	19288
20190720	2282
20190721	4594
20190722	22012
20190723	22314
20190724	21332
20190725	19620
20190726	20196
20190727	3140
20190728	4395
20190729	23065
20190730	21748
20190731	22480
20190801	21683
20190802	16842
20190803	3437
20190804	4122
20190805	21385
20190806	24283
20190807	20892
20190808	20218
20190809	16317
20190810	3682
20190811	4360
20190812	24563
20190813	19085
20190814	20842
20190815	20488
20190816	16945
20190817	3478
20190818	4641
20190819	28184
20190820	22159
20190821	18866
20190822	18999
20190823	25418
20190824	5658
20190825	2360
20190826	5322
20190827	20465
20190828	21994
20190829	21726
20190830	22166
20190831	3838
20190901	6810
20190902	23868
20190903	24949
20190904	22086
20190905	25773
20190906	23269
20190907	2910
20190908	4697
20190909	27512
20190910	28627
20190911	21206
20190912	22311
20190913	20552
20190914	3914
20190915	5109
20190916	31754
20190917	32887
20190918	33613
20190919	29215
20190920	24877
20190921	4257
20190922	5244
20190923	23179
20190924	26703
20190925	26890
20190926	25842
20190927	22522
20190928	4843
20190929	5189
20190930	28989
20191001	31487
20191002	29419
20191003	23315
20191004	30802
20191005	3683
20191006	5154
20191007	28275
20191008	24723
20191009	21080
20191010	29055
20191011	21259
20191012	3649
20191013	5062
20191014	22039
20191015	24943
20191016	25111
20191017	28294
20191018	21664
20191019	3755
20191020	5211
20191021	23096
20191022	24254
20191023	19461
20191024	24220
20191025	18370
20191026	3388
20191027	6360
20191028	24362
20191029	21257
20191030	24347
20191031	20599
20191101	30722
20191102	3611
20191103	7049
20191104	24395
20191105	23559
20191106	19173
20191107	25738
20191108	23056
20191109	4236
20191110	6088
20191111	22119
20191112	22525
20191113	17137
20191114	20238
20191115	15352
20191116	4864
20191117	4962
20191118	18698
20191119	31706
20191120	16505
20191121	15708
20191122	14467
20191123	3295
20191124	5175
20191125	15127
20191126	17498
20191127	14992
20191128	14333
20191129	14238
20191130	2861
20191201	5770
20191202	16681
20191203	17180
20191204	15238
20191205	14958
20191206	14046
20191207	4203
20191208	4420
20191209	31710
20191210	16963
20191211	18213
20191212	17386
20191213	17088
20191214	2961
20191215	4993
20191216	16999
20191217	20620
20191218	15499
20191219	16048
20191220	13315
20191221	2064
20191222	3974
20191223	13991
20191224	8926
20191225	899
20191226	1828
20191227	10944
20191228	2740
20191229	2503
20191230	14128
20191231	8943
20200101	3010
20200102	14917
20200103	15563
20200104	3114
20200105	4120
20200106	19640
20200107	18156
20200108	15093
20200109	15977
20200110	16754
20200111	2973
20200112	5192
20200113	21512
20200114	16710
20200115	14910
20200116	15014
20200117	17402
20200118	3577
20200119	5339
20200120	20005
20200121	19809
20200122	16296
20200123	17173
20200124	26790
20200125	2902
20200126	4986
20200127	17583
20200128	17537
20200129	15809
20200130	15634
20200131	14302
20200201	4295
20200202	4378
20200203	16871
20200204	19021
20200205	17548
20200206	16023
20200207	23227
20200208	3681
20200209	4115
20200210	19437
20200211	19247
20200212	21999
20200213	15093
20200214	13562
20200215	6899
20200216	4486
20200217	25255
20200218	17635
20200219	21087
20200220	14020
20200221	15061
20200222	2663
20200223	3727
20200224	14978
20200225	17740
20200226	13873
20200227	14414
20200228	13156
20200229	3053
20200301	4122
20200302	23959
20200303	24993
20200304	25459
20200305	18472
20200306	21032
20200307	2952
20200308	4461
20200309	17006
20200310	36681
20200311	37867
20200312	61614
20200313	20568
20200314	2643
20200315	6517
20200316	52686
20200317	26900
20200318	29689
20200319	15249
20200320	11171
20200321	1247
20200322	1743
20200323	26387
20200324	19330
20200325	16801
20200326	18690
20200327	14931
20200328	1417
20200329	1421
20200330	19521
20200331	9390
20200401	8238
20200402	8231
20200403	13160
20200404	1086
20200405	991
20200406	14453
20200407	18873
20200408	14344
20200409	32797
20200410	11194
20200411	1032
20200412	1425
20200413	4120
20200414	10708
20200415	15028
20200416	13396
20200417	8765
20200418	1087
20200419	5727
20200420	9224
20200421	28557
20200422	8234
20200423	8703
20200424	7330
20200425	847
20200426	1244
20200427	9205
20200428	8740
20200429	11075
20200430	8918
20200501	6877
20200502	1206
20200503	852
20200504	11263
20200505	12826
20200506	19767
20200507	37741
20200508	2581
20200509	783
20200510	800
20200511	9415
20200512	7698
20200513	7453
20200514	8181
20200515	6500
20200516	997
20200517	798
20200518	14486
20200519	7602
20200520	6800
20200521	6398
20200522	5257
20200523	327
20200524	380
20200525	297
20200526	1959
20200803	2
20200815	1
20200819	1
20200828	1
20200902	1
20200905	2
20201004	1
20201028	1
20201106	1
20201109	2
20201118	1
20201204	1
20201211	1
20201212	1
20201220	1
20201231	1
20220304	2
20230102	1
20240104	1
20290210	1
20500101	1
20610718	1
20620628	1
20620705	1
20680601	1
20680605	1
20751009	1
20991223	1
21030101	1
21250102	1
23190315	1
26190327	1
28200102	1
29200130	1
29200507	1
64011101	1
70190125	1
71990801	1
