20100102	63
20100103	41
20100104	2917
20100105	1282
20100106	1795
20100107	2570
20100108	2261
20100109	390
20100110	420
20100111	3580
20100112	4695
20100113	4081
20100114	3998
20100115	3333
20100116	282
20100117	52
20100118	3818
20100119	4864
20100120	5028
20100121	3374
20100122	3712
20100123	327
20100124	62
20100125	5172
20100126	4582
20100127	4874
20100128	4052
20100129	3511
20100130	261
20100131	123
20100201	4657
20100202	4690
20100203	3278
20100204	4521
20100205	4154
20100206	117
20100207	116
20100208	4391
20100209	4388
20100210	3693
20100211	4017
20100212	3083
20100213	177
20100214	60
20100215	3901
20100216	4282
20100217	3664
20100218	3048
20100219	2638
20100220	284
20100221	64
20100222	3962
20100223	4456
20100224	3510
20100225	4015
20100226	3431
20100227	208
20100228	53
20100301	4296
20100302	4791
20100303	3636
20100304	3883
20100305	3036
20100306	257
20100307	53
20100308	4878
20100309	4186
20100310	4004
20100311	4863
20100312	2817
20100313	224
20100314	51
20100315	3976
20100316	4333
20100317	3306
20100318	3220
20100319	2915
20100320	209
20100321	230
20100322	4967
20100323	4898
20100324	4107
20100325	3832
20100326	3412
20100327	202
20100328	519
20100329	4044
20100330	4388
20100331	3427
20100401	4040
20100402	55
20100403	73
20100404	135
20100405	49
20100406	4126
20100407	3015
20100408	3362
20100409	2562
20100410	140
20100411	45
20100412	3471
20100413	3879
20100414	3218
20100415	3141
20100416	3047
20100417	120
20100418	55
20100419	3556
20100420	4214
20100421	3328
20100422	3344
20100423	3266
20100424	143
20100425	105
20100426	4107
20100427	4267
20100428	3420
20100429	3735
20100430	2713
20100501	130
20100502	56
20100503	73
20100504	3960
20100505	3396
20100506	3385
20100507	2972
20100508	95
20100509	39
20100510	3873
20100511	4395
20100512	3173
20100513	3979
20100514	3019
20100515	163
20100516	51
20100517	3773
20100518	4250
20100519	3083
20100520	3015
20100521	3303
20100522	142
20100523	38
20100524	4094
20100525	4266
20100526	3335
20100527	3106
20100528	2892
20100529	76
20100530	30
20100531	144
20100601	3639
20100602	3000
20100603	3789
20100604	2495
20100605	160
20100606	109
20100607	3432
20100608	4262
20100609	3115
20100610	3257
20100611	2694
20100612	101
20100613	52
20100614	3119
20100615	4128
20100616	3332
20100617	3010
20100618	2802
20100619	207
20100620	42
20100621	3658
20100622	3997
20100623	3581
20100624	2985
20100625	2766
20100626	154
20100627	43
20100628	3413
20100629	3718
20100630	3134
20100701	3831
20100702	2775
20100703	155
20100704	48
20100705	3338
20100706	4498
20100707	3650
20100708	2740
20100709	2852
20100710	77
20100711	39
20100712	3346
20100713	3683
20100714	3522
20100715	3173
20100716	3722
20100717	110
20100718	68
20100719	3326
20100720	3877
20100721	3276
20100722	3287
20100723	2902
20100724	99
20100725	95
20100726	3725
20100727	4035
20100728	3120
20100729	3229
20100730	2930
20100731	160
20100801	191
20100802	3592
20100803	3918
20100804	3115
20100805	2897
20100806	2730
20100807	116
20100808	60
20100809	3644
20100810	3864
20100811	3239
20100812	3071
20100813	2712
20100814	140
20100815	31
20100816	3391
20100817	3967
20100818	3449
20100819	3382
20100820	3328
20100821	275
20100822	188
20100823	3177
20100824	3663
20100825	3020
20100826	3055
20100827	2496
20100828	72
20100829	30
20100830	52
20100831	3910
20100901	4739
20100902	3057
20100903	2708
20100904	103
20100905	50
20100906	3782
20100907	4690
20100908	3037
20100909	3271
20100910	2698
20100911	132
20100912	36
20100913	3269
20100914	4452
20100915	3210
20100916	3431
20100917	2660
20100918	67
20100919	48
20100920	3464
20100921	4076
20100922	3085
20100923	3250
20100924	3007
20100925	89
20100926	58
20100927	3518
20100928	4385
20100929	3947
20100930	3338
20101001	3372
20101002	625
20101003	59
20101004	4629
20101005	5388
20101006	4165
20101007	4843
20101008	3204
20101009	1271
20101010	60
20101011	4341
20101012	5200
20101013	4393
20101014	5039
20101015	4263
20101016	1298
20101017	74
20101018	4268
20101019	4955
20101020	3974
20101021	5216
20101022	3548
20101023	528
20101024	67
20101025	4297
20101026	4991
20101027	3493
20101028	4149
20101029	3097
20101030	743
20101031	76
20101101	5057
20101102	4920
20101103	4254
20101104	3922
20101105	3389
20101106	274
20101107	67
20101108	4157
20101109	5165
20101110	4165
20101111	3782
20101112	3839
20101113	319
20101114	52
20101115	4107
20101116	5497
20101117	3506
20101118	4529
20101119	3042
20101120	215
20101121	143
20101122	4190
20101123	4398
20101124	3376
20101125	3379
20101126	2840
20101127	167
20101128	70
20101129	4088
20101130	4557
20101201	3219
20101202	3622
20101203	2716
20101204	84
20101205	54
20101206	3569
20101207	4767
20101208	3838
20101209	3411
20101210	2597
20101211	72
20101212	66
20101213	4022
20101214	4310
20101215	3891
20101216	3420
20101217	2977
20101218	109
20101219	66
20101220	3878
20101221	3902
20101222	3393
20101223	3142
20101224	1671
20101225	40
20101226	44
20101227	65
20101228	63
20101229	2273
20101230	2671
20101231	1653
20110101	760
20110102	41
20110103	55
20110104	3503
20110105	3578
20110106	4492
20110107	3489
20110108	110
20110109	70
20110110	4273
20110111	5285
20110112	4118
20110113	4648
20110114	3937
20110115	151
20110116	68
20110117	4304
20110118	4922
20110119	3735
20110120	4015
20110121	3716
20110122	198
20110123	53
20110124	5078
20110125	4777
20110126	3631
20110127	3894
20110128	3309
20110129	105
20110130	49
20110131	4127
20110201	5162
20110202	3550
20110203	4078
20110204	3218
20110205	186
20110206	57
20110207	4252
20110208	4391
20110209	4073
20110210	3817
20110211	3289
20110212	134
20110213	64
20110214	3794
20110215	4612
20110216	4067
20110217	4469
20110218	3163
20110219	190
20110220	56
20110221	3838
20110222	4197
20110223	3401
20110224	3431
20110225	3175
20110226	192
20110227	78
20110228	3724
20110301	5083
20110302	3440
20110303	4017
20110304	3052
20110305	378
20110306	171
20110307	4089
20110308	5483
20110309	3868
20110310	3803
20110311	3453
20110312	132
20110313	125
20110314	4341
20110315	4810
20110316	4624
20110317	3638
20110318	3520
20110319	133
20110320	53
20110321	4138
20110322	5431
20110323	4344
20110324	4247
20110325	3182
20110326	190
20110327	78
20110328	4009
20110329	5086
20110330	3548
20110331	4097
20110401	3542
20110402	160
20110403	73
20110404	3699
20110405	4516
20110406	3422
20110407	3781
20110408	3231
20110409	193
20110410	110
20110411	4084
20110412	4311
20110413	3274
20110414	3238
20110415	3723
20110416	232
20110417	63
20110418	4087
20110419	4282
20110420	3692
20110421	3367
20110422	80
20110423	91
20110424	37
20110425	136
20110426	3640
20110427	3873
20110428	3176
20110429	114
20110430	102
20110501	103
20110502	49
20110503	5269
20110504	4113
20110505	3627
20110506	3539
20110507	213
20110508	59
20110509	3856
20110510	4167
20110511	4039
20110512	3835
20110513	3397
20110514	100
20110515	110
20110516	4052
20110517	5045
20110518	3478
20110519	3742
20110520	3709
20110521	126
20110522	38
20110523	4424
20110524	4298
20110525	3562
20110526	4514
20110527	3302
20110528	89
20110529	47
20110530	51
20110531	4377
20110601	3586
20110602	3490
20110603	3014
20110604	188
20110605	72
20110606	3812
20110607	4405
20110608	3325
20110609	3385
20110610	3070
20110611	130
20110612	188
20110613	4806
20110614	4737
20110615	3770
20110616	3332
20110617	3718
20110618	138
20110619	51
20110620	3724
20110621	4511
20110622	3264
20110623	4011
20110624	3019
20110625	140
20110626	70
20110627	3188
20110628	4479
20110629	3275
20110630	3880
20110701	3185
20110702	127
20110703	43
20110704	3693
20110705	4920
20110706	3591
20110707	3962
20110708	3025
20110709	157
20110710	55
20110711	3484
20110712	4241
20110713	3538
20110714	3307
20110715	3126
20110716	133
20110717	63
20110718	3459
20110719	4099
20110720	3430
20110721	3429
20110722	2881
20110723	127
20110724	89
20110725	3558
20110726	4317
20110727	3673
20110728	3250
20110729	2753
20110730	135
20110731	46
20110801	3885
20110802	3695
20110803	3811
20110804	3221
20110805	2985
20110806	109
20110807	75
20110808	4025
20110809	3800
20110810	3189
20110811	3389
20110812	3287
20110813	147
20110814	57
20110815	3644
20110816	4053
20110817	3680
20110818	3486
20110819	2789
20110820	175
20110821	56
20110822	4325
20110823	4549
20110824	3487
20110825	3623
20110826	3222
20110827	146
20110828	49
20110829	64
20110830	3948
20110831	3553
20110901	3221
20110902	2981
20110903	223
20110904	56
20110905	4301
20110906	4583
20110907	3378
20110908	3806
20110909	3142
20110910	121
20110911	148
20110912	3938
20110913	4613
20110914	3482
20110915	4014
20110916	3786
20110917	209
20110918	109
20110919	4005
20110920	4871
20110921	4587
20110922	4263
20110923	3344
20110924	117
20110925	44
20110926	5151
20110927	5405
20110928	3737
20110929	4529
20110930	3131
20111001	918
20111002	132
20111003	5205
20111004	5839
20111005	5114
20111006	5506
20111007	4234
20111008	1904
20111009	125
20111010	6315
20111011	6335
20111012	4896
20111013	6460
20111014	4313
20111015	1313
20111016	70
20111017	6271
20111018	6085
20111019	5147
20111020	4635
20111021	3743
20111022	1307
20111023	73
20111024	4956
20111025	4596
20111026	3858
20111027	4056
20111028	3243
20111029	731
20111030	66
20111031	4661
20111101	5033
20111102	3982
20111103	4713
20111104	4121
20111105	675
20111106	66
20111107	4469
20111108	4887
20111109	5127
20111110	4532
20111111	3484
20111112	195
20111113	151
20111114	4458
20111115	4680
20111116	3850
20111117	4489
20111118	3533
20111119	325
20111120	83
20111121	4608
20111122	4576
20111123	4252
20111124	4353
20111125	3714
20111126	176
20111127	105
20111128	4659
20111129	5667
20111130	3360
20111201	4620
20111202	2892
20111203	148
20111204	69
20111205	4716
20111206	5318
20111207	3664
20111208	3705
20111209	3109
20111210	161
20111211	79
20111212	4811
20111213	4676
20111214	4462
20111215	3955
20111216	3524
20111217	181
20111218	48
20111219	3852
20111220	4471
20111221	3867
20111222	3539
20111223	2429
20111224	55
20111225	33
20111226	48
20111227	85
20111228	2240
20111229	2512
20111230	2328
20111231	77
20120101	591
20120102	132
20120103	3947
20120104	3754
20120105	4168
20120106	3400
20120107	147
20120108	102
20120109	4051
20120110	5623
20120111	4197
20120112	4303
20120113	3460
20120114	233
20120115	53
20120116	4849
20120117	5117
20120118	3617
20120119	4697
20120120	3332
20120121	206
20120122	160
20120123	4715
20120124	5002
20120125	4193
20120126	4353
20120127	4208
20120128	183
20120129	125
20120130	4783
20120131	4466
20120201	3855
20120202	4131
20120203	3705
20120204	144
20120205	114
20120206	4209
20120207	5309
20120208	4436
20120209	4483
20120210	4078
20120211	225
20120212	67
20120213	4086
20120214	4475
20120215	3821
20120216	3980
20120217	3431
20120218	254
20120219	77
20120220	4636
20120221	5314
20120222	3333
20120223	3855
20120224	3387
20120225	332
20120226	81
20120227	4527
20120228	4847
20120229	3712
20120301	4334
20120302	3629
20120303	161
20120304	87
20120305	4816
20120306	4819
20120307	4511
20120308	4197
20120309	3938
20120310	274
20120311	113
20120312	4745
20120313	4849
20120314	4620
20120315	4849
20120316	3905
20120317	210
20120318	78
20120319	4720
20120320	5144
20120321	3996
20120322	4319
20120323	3702
20120324	328
20120325	88
20120326	4391
20120327	4871
20120328	3916
20120329	4746
20120330	3356
20120331	325
20120401	272
20120402	4031
20120403	4721
20120404	3287
20120405	3767
20120406	87
20120407	141
20120408	39
20120409	181
20120410	4108
20120411	3985
20120412	3855
20120413	3049
20120414	258
20120415	59
20120416	4504
20120417	4610
20120418	4316
20120419	4379
20120420	3594
20120421	147
20120422	175
20120423	4007
20120424	4865
20120425	3706
20120426	3519
20120427	3854
20120428	373
20120429	49
20120430	4260
20120501	4741
20120502	3771
20120503	3763
20120504	3394
20120505	160
20120506	75
20120507	102
20120508	4251
20120509	3987
20120510	3648
20120511	3617
20120512	236
20120513	91
20120514	4636
20120515	4933
20120516	4269
20120517	5541
20120518	3605
20120519	146
20120520	75
20120521	4313
20120522	4996
20120523	4144
20120524	3661
20120525	2954
20120526	200
20120527	61
20120528	4174
20120529	4325
20120530	4032
20120531	4191
20120601	3333
20120602	72
20120603	59
20120604	75
20120605	174
20120606	3460
20120607	4369
20120608	3155
20120609	140
20120610	76
20120611	4297
20120612	5251
20120613	4720
20120614	4090
20120615	3657
20120616	341
20120617	141
20120618	4566
20120619	4950
20120620	4457
20120621	3630
20120622	3565
20120623	259
20120624	77
20120625	4853
20120626	4772
20120627	3916
20120628	4979
20120629	3842
20120630	200
20120701	394
20120702	4148
20120703	4905
20120704	4440
20120705	3830
20120706	3784
20120707	134
20120708	76
20120709	4029
20120710	5073
20120711	4131
20120712	3869
20120713	3447
20120714	169
20120715	78
20120716	4317
20120717	5665
20120718	3730
20120719	3714
20120720	3468
20120721	191
20120722	146
20120723	3711
20120724	4344
20120725	3904
20120726	4307
20120727	3479
20120728	185
20120729	62
20120730	4572
20120731	4457
20120801	4520
20120802	4022
20120803	3079
20120804	155
20120805	119
20120806	3527
20120807	4264
20120808	3637
20120809	3474
20120810	2798
20120811	267
20120812	73
20120813	3676
20120814	4335
20120815	3911
20120816	3697
20120817	3283
20120818	196
20120819	48
20120820	4389
20120821	4330
20120822	4085
20120823	4342
20120824	2938
20120825	232
20120826	59
20120827	133
20120828	4377
20120829	4074
20120830	4003
20120831	3532
20120901	296
20120902	60
20120903	3924
20120904	4471
20120905	3962
20120906	3468
20120907	3193
20120908	130
20120909	144
20120910	4368
20120911	4776
20120912	3923
20120913	3854
20120914	3585
20120915	150
20120916	94
20120917	4057
20120918	4644
20120919	3881
20120920	4245
20120921	3506
20120922	205
20120923	189
20120924	4839
20120925	4752
20120926	3997
20120927	4407
20120928	3941
20120929	527
20120930	109
20121001	5775
20121002	6170
20121003	4813
20121004	6057
20121005	5059
20121006	2162
20121007	63
20121008	6594
20121009	7229
20121010	6056
20121011	5646
20121012	4730
20121013	2379
20121014	90
20121015	5718
20121016	5989
20121017	6005
20121018	5576
20121019	4669
20121020	1802
20121021	55
20121022	5097
20121023	6133
20121024	5061
20121025	5288
20121026	4067
20121027	1081
20121028	97
20121029	4587
20121030	5555
20121031	4827
20121101	4591
20121102	3755
20121103	691
20121104	86
20121105	5034
20121106	5312
20121107	4828
20121108	4988
20121109	3983
20121110	413
20121111	83
20121112	5630
20121113	5241
20121114	5347
20121115	4911
20121116	4249
20121117	341
20121118	58
20121119	5504
20121120	4863
20121121	4794
20121122	5484
20121123	3898
20121124	259
20121125	123
20121126	4899
20121127	5285
20121128	4787
20121129	4879
20121130	3771
20121201	227
20121202	79
20121203	4476
20121204	6192
20121205	4690
20121206	5543
20121207	4265
20121208	266
20121209	70
20121210	4222
20121211	5163
20121212	4668
20121213	4764
20121214	3623
20121215	159
20121216	62
20121217	4360
20121218	4830
20121219	4164
20121220	4117
20121221	3237
20121222	187
20121223	176
20121224	2302
20121225	64
20121226	74
20121227	2704
20121228	2927
20121229	135
20121230	42
20121231	2447
20130101	461
20130102	3872
20130103	4395
20130104	3919
20130105	104
20130106	76
20130107	4658
20130108	5849
20130109	4484
20130110	5161
20130111	4462
20130112	212
20130113	80
20130114	5041
20130115	5574
20130116	5215
20130117	5208
20130118	4248
20130119	388
20130120	78
20130121	5008
20130122	5420
20130123	5735
20130124	4844
20130125	4298
20130126	180
20130127	216
20130128	4639
20130129	5537
20130130	4777
20130131	5015
20130201	4511
20130202	203
20130203	65
20130204	7007
20130205	5898
20130206	4796
20130207	4828
20130208	4524
20130209	187
20130210	121
20130211	4789
20130212	5762
20130213	4292
20130214	5038
20130215	5216
20130216	230
20130217	63
20130218	5701
20130219	5356
20130220	5091
20130221	5212
20130222	3882
20130223	383
20130224	119
20130225	4966
20130226	6216
20130227	4680
20130228	4693
20130301	4455
20130302	136
20130303	88
20130304	5268
20130305	5914
20130306	5031
20130307	4927
20130308	4171
20130309	210
20130310	81
20130311	5579
20130312	5739
20130313	5063
20130314	5656
20130315	4298
20130316	233
20130317	266
20130318	4447
20130319	6418
20130320	5007
20130321	4584
20130322	4518
20130323	471
20130324	341
20130325	4757
20130326	5393
20130327	4549
20130328	4904
20130329	219
20130330	178
20130331	200
20130401	297
20130402	4164
20130403	3814
20130404	4652
20130405	4065
20130406	180
20130407	147
20130408	4805
20130409	4794
20130410	4312
20130411	4569
20130412	4446
20130413	143
20130414	62
20130415	5494
20130416	5396
20130417	5317
20130418	4558
20130419	3902
20130420	162
20130421	156
20130422	4842
20130423	5387
20130424	5219
20130425	4656
20130426	3829
20130427	153
20130428	82
20130429	5506
20130430	5736
20130501	5160
20130502	5139
20130503	3640
20130504	284
20130505	66
20130506	108
20130507	4638
20130508	4710
20130509	5307
20130510	3804
20130511	207
20130512	58
20130513	4903
20130514	5710
20130515	4812
20130516	3876
20130517	3909
20130518	265
20130519	94
20130520	4860
20130521	4629
20130522	3842
20130523	5715
20130524	3381
20130525	79
20130526	50
20130527	100
20130528	4553
20130529	4413
20130530	4061
20130531	4322
20130601	284
20130602	70
20130603	4580
20130604	4361
20130605	3972
20130606	4554
20130607	3317
20130608	149
20130609	104
20130610	4881
20130611	5501
20130612	4604
20130613	4086
20130614	3699
20130615	120
20130616	81
20130617	4624
20130618	4782
20130619	4167
20130620	4768
20130621	3727
20130622	187
20130623	49
20130624	4724
20130625	5352
20130626	4264
20130627	4609
20130628	3612
20130629	119
20130630	70
20130701	4469
20130702	5521
20130703	4664
20130704	5009
20130705	3374
20130706	186
20130707	264
20130708	5346
20130709	5066
20130710	3999
20130711	4762
20130712	3448
20130713	137
20130714	46
20130715	4912
20130716	4653
20130717	4512
20130718	4040
20130719	4181
20130720	85
20130721	74
20130722	4228
20130723	4315
20130724	4575
20130725	3944
20130726	3183
20130727	199
20130728	43
20130729	4120
20130730	5224
20130731	3845
20130801	4093
20130802	3487
20130803	275
20130804	70
20130805	3820
20130806	4478
20130807	4086
20130808	3801
20130809	3490
20130810	158
20130811	362
20130812	4310
20130813	4702
20130814	4301
20130815	4750
20130816	3614
20130817	122
20130818	69
20130819	4624
20130820	4838
20130821	4108
20130822	4576
20130823	3331
20130824	105
20130825	77
20130826	284
20130827	4120
20130828	4711
20130829	4556
20130830	3793
20130831	140
20130901	413
20130902	5369
20130903	5790
20130904	3722
20130905	4489
20130906	3633
20130907	141
20130908	96
20130909	3833
20130910	4917
20130911	4691
20130912	4644
20130913	3163
20130914	128
20130915	88
20130916	3802
20130917	5368
20130918	5052
20130919	4206
20130920	3641
20130921	146
20130922	126
20130923	4497
20130924	5065
20130925	5585
20130926	4761
20130927	3978
20130928	476
20130929	64
20130930	7025
20131001	7386
20131002	6268
20131003	6030
20131004	6500
20131005	1121
20131006	131
20131007	6919
20131008	7805
20131009	6817
20131010	7465
20131011	4833
20131012	1051
20131013	255
20131014	7033
20131015	6622
20131016	6905
20131017	6918
20131018	4356
20131019	2156
20131020	59
20131021	6003
20131022	7153
20131023	5646
20131024	6322
20131025	5167
20131026	452
20131027	76
20131028	5573
20131029	6066
20131030	5311
20131031	4693
20131101	4418
20131102	647
20131103	55
20131104	6088
20131105	6235
20131106	5062
20131107	5221
20131108	4359
20131109	183
20131110	78
20131111	4885
20131112	5830
20131113	5953
20131114	5681
20131115	4327
20131116	242
20131117	64
20131118	4951
20131119	5540
20131120	4912
20131121	4699
20131122	3536
20131123	289
20131124	186
20131125	5083
20131126	5106
20131127	4933
20131128	4791
20131129	4537
20131130	203
20131201	176
20131202	5270
20131203	5698
20131204	4255
20131205	5068
20131206	3962
20131207	220
20131208	79
20131209	4611
20131210	5272
20131211	5779
20131212	5052
20131213	4769
20131214	236
20131215	88
20131216	5394
20131217	5280
20131218	4300
20131219	4417
20131220	3690
20131221	118
20131222	161
20131223	4010
20131224	2263
20131225	87
20131226	133
20131227	2457
20131228	222
20131229	59
20131230	3311
20131231	3147
20140101	444
20140102	3666
20140103	3340
20140104	156
20140105	82
20140106	4735
20140107	6028
20140108	4842
20140109	5587
20140110	4524
20140111	143
20140112	61
20140113	5920
20140114	5752
20140115	5170
20140116	5237
20140117	4197
20140118	241
20140119	74
20140120	5109
20140121	6204
20140122	5168
20140123	4978
20140124	4421
20140125	306
20140126	50
20140127	5162
20140128	5999
20140129	4891
20140130	5205
20140131	4083
20140201	414
20140202	153
20140203	4901
20140204	6675
20140205	4906
20140206	5109
20140207	4147
20140208	119
20140209	71
20140210	5144
20140211	5226
20140212	5392
20140213	5423
20140214	4493
20140215	155
20140216	68
20140217	4498
20140218	4722
20140219	4227
20140220	4851
20140221	3720
20140222	334
20140223	121
20140224	4442
20140225	5467
20140226	5543
20140227	4927
20140228	4718
20140301	366
20140302	73
20140303	4768
20140304	5236
20140305	7851
20140306	5532
20140307	5431
20140308	207
20140309	161
20140310	7442
20140311	6852
20140312	5356
20140313	6189
20140314	4204
20140315	1167
20140316	169
20140317	5261
20140318	5078
20140319	5303
20140320	4840
20140321	4247
20140322	1024
20140323	83
20140324	4617
20140325	5113
20140326	5289
20140327	5520
20140328	4361
20140329	474
20140330	206
20140331	4935
20140401	5114
20140402	4542
20140403	4335
20140404	4003
20140405	142
20140406	75
20140407	4788
20140408	5295
20140409	4769
20140410	4613
20140411	3419
20140412	235
20140413	107
20140414	4684
20140415	4754
20140416	4710
20140417	4207
20140418	139
20140419	170
20140420	332
20140421	71
20140422	4822
20140423	4305
20140424	5136
20140425	4270
20140426	155
20140427	59
20140428	7147
20140429	5668
20140430	4549
20140501	4740
20140502	3221
20140503	260
20140504	184
20140505	152
20140506	5357
20140507	5223
20140508	5403
20140509	3635
20140510	413
20140511	73
20140512	5038
20140513	5857
20140514	5807
20140515	5209
20140516	5006
20140517	147
20140518	56
20140519	5829
20140520	6328
20140521	5350
20140522	5814
20140523	4757
20140524	256
20140525	53
20140526	115
20140527	4560
20140528	4079
20140529	4806
20140530	3776
20140531	192
20140601	119
20140602	4725
20140603	4510
20140604	5243
20140605	4811
20140606	3981
20140607	130
20140608	136
20140609	4821
20140610	5502
20140611	5143
20140612	5274
20140613	3917
20140614	397
20140615	43
20140616	5721
20140617	5096
20140618	5684
20140619	5763
20140620	3894
20140621	330
20140622	89
20140623	5897
20140624	5977
20140625	4969
20140626	5357
20140627	4030
20140628	155
20140629	43
20140630	5003
20140701	6163
20140702	4844
20140703	5363
20140704	3503
20140705	123
20140706	71
20140707	4656
20140708	5607
20140709	4833
20140710	4534
20140711	4198
20140712	262
20140713	71
20140714	4989
20140715	5558
20140716	4221
20140717	4889
20140718	3616
20140719	180
20140720	81
20140721	4748
20140722	5681
20140723	4206
20140724	4943
20140725	3866
20140726	192
20140727	115
20140728	4505
20140729	4855
20140730	6472
20140731	5324
20140801	3366
20140802	166
20140803	93
20140804	4100
20140805	5090
20140806	4572
20140807	4058
20140808	4492
20140809	315
20140810	130
20140811	4470
20140812	5757
20140813	4491
20140814	4605
20140815	3603
20140816	169
20140817	261
20140818	4730
20140819	5123
20140820	3757
20140821	4234
20140822	3193
20140823	217
20140824	204
20140825	282
20140826	5231
20140827	4627
20140828	4418
20140829	3635
20140830	197
20140831	74
20140901	4821
20140902	5631
20140903	4648
20140904	4789
20140905	3599
20140906	402
20140907	111
20140908	5327
20140909	5528
20140910	5181
20140911	5053
20140912	3977
20140913	143
20140914	190
20140915	4993
20140916	5022
20140917	5233
20140918	5700
20140919	4810
20140920	507
20140921	135
20140922	5446
20140923	5981
20140924	5608
20140925	6286
20140926	5231
20140927	261
20140928	330
20140929	6712
20140930	7061
20141001	6553
20141002	6366
20141003	5615
20141004	1787
20141005	343
20141006	7021
20141007	7408
20141008	7716
20141009	7975
20141010	5269
20141011	2488
20141012	150
20141013	7373
20141014	7619
20141015	5805
20141016	6859
20141017	5380
20141018	864
20141019	184
20141020	6122
20141021	6314
20141022	6241
20141023	6752
20141024	4068
20141025	561
20141026	119
20141027	5990
20141028	6430
20141029	5102
20141030	5546
20141031	4487
20141101	466
20141102	125
20141103	6201
20141104	5380
20141105	6123
20141106	6229
20141107	4028
20141108	403
20141109	198
20141110	5781
20141111	5806
20141112	5184
20141113	5490
20141114	4909
20141115	457
20141116	131
20141117	5126
20141118	6510
20141119	5470
20141120	6623
20141121	4419
20141122	538
20141123	299
20141124	5281
20141125	5477
20141126	5405
20141127	6119
20141128	4526
20141129	425
20141130	89
20141201	5755
20141202	5361
20141203	4911
20141204	6431
20141205	4221
20141206	223
20141207	186
20141208	5062
20141209	5212
20141210	4476
20141211	5971
20141212	4169
20141213	290
20141214	109
20141215	5599
20141216	5245
20141217	5639
20141218	5013
20141219	4273
20141220	180
20141221	239
20141222	4883
20141223	5422
20141224	2517
20141225	225
20141226	211
20141227	190
20141228	190
20141229	3886
20141230	4597
20141231	4633
20150101	694
20150102	2852
20150103	162
20150104	155
20150105	4687
20150106	5464
20150107	5382
20150108	5853
20150109	4439
20150110	195
20150111	119
20150112	5956
20150113	6024
20150114	6192
20150115	5943
20150116	4810
20150117	490
20150118	359
20150119	5019
20150120	5314
20150121	5191
20150122	5966
20150123	4089
20150124	330
20150125	90
20150126	5217
20150127	6164
20150128	5230
20150129	5048
20150130	3829
20150131	400
20150201	175
20150202	5634
20150203	6540
20150204	5865
20150205	6745
20150206	5181
20150207	213
20150208	195
20150209	7485
20150210	7594
20150211	5660
20150212	5652
20150213	4161
20150214	331
20150215	158
20150216	5784
20150217	5413
20150218	5661
20150219	6025
20150220	3803
20150221	453
20150222	292
20150223	5306
20150224	5862
20150225	5036
20150226	6788
20150227	4786
20150228	164
20150301	261
20150302	9941
20150303	7813
20150304	6082
20150305	5351
20150306	4929
20150307	310
20150308	262
20150309	5666
20150310	7088
20150311	6438
20150312	7317
20150313	5714
20150314	409
20150315	68
20150316	7060
20150317	5961
20150318	6307
20150319	6095
20150320	4522
20150321	552
20150322	1129
20150323	7388
20150324	6435
20150325	4696
20150326	5647
20150327	5141
20150328	497
20150329	282
20150330	5937
20150331	7578
20150401	5254
20150402	5022
20150403	323
20150404	155
20150405	124
20150406	224
20150407	5402
20150408	4594
20150409	4655
20150410	4367
20150411	390
20150412	103
20150413	4850
20150414	6744
20150415	4560
20150416	6150
20150417	4421
20150418	208
20150419	255
20150420	5321
20150421	5750
20150422	4682
20150423	5155
20150424	4513
20150425	783
20150426	129
20150427	5068
20150428	5390
20150429	4606
20150430	5774
20150501	4949
20150502	334
20150503	68
20150504	175
20150505	5535
20150506	5699
20150507	6177
20150508	5315
20150509	401
20150510	200
20150511	5459
20150512	4947
20150513	6064
20150514	5995
20150515	6102
20150516	388
20150517	1903
20150518	5784
20150519	5335
20150520	7098
20150521	6237
20150522	4916
20150523	261
20150524	50
20150525	223
20150526	5147
20150527	4598
20150528	4170
20150529	4234
20150530	158
20150531	168
20150601	4992
20150602	5594
20150603	12212
20150604	9266
20150605	4448
20150606	205
20150607	88
20150608	10744
20150609	6162
20150610	4775
20150611	6805
20150612	5082
20150613	682
20150614	161
20150615	5813
20150616	5811
20150617	5414
20150618	8828
20150619	9914
20150620	248
20150621	63
20150622	7903
20150623	6609
20150624	6506
20150625	5372
20150626	5550
20150627	232
20150628	92
20150629	16267
20150630	10009
20150701	5549
20150702	6509
20150703	4228
20150704	193
20150705	283
20150706	5701
20150707	5731
20150708	6711
20150709	5502
20150710	5063
20150711	218
20150712	172
20150713	5576
20150714	5838
20150715	5724
20150716	6586
20150717	8104
20150718	204
20150719	93
20150720	5860
20150721	6445
20150722	6494
20150723	6234
20150724	4999
20150725	326
20150726	129
20150727	5951
20150728	6809
20150729	5709
20150730	5869
20150731	7498
20150801	437
20150802	67
20150803	5729
20150804	7197
20150805	6914
20150806	5787
20150807	4587
20150808	487
20150809	82
20150810	5319
20150811	6296
20150812	11339
20150813	8556
20150814	4640
20150815	987
20150816	984
20150817	6650
20150818	7953
20150819	5335
20150820	5897
20150821	4626
20150822	199
20150823	59
20150824	5494
20150825	6807
20150826	5787
20150827	5662
20150828	4344
20150829	336
20150830	66
20150831	3093
20150901	6742
20150902	5657
20150903	5316
20150904	4429
20150905	253
20150906	184
20150907	6228
20150908	6516
20150909	5759
20150910	7541
20150911	4909
20150912	246
20150913	194
20150914	5510
20150915	6252
20150916	5688
20150917	5866
20150918	5016
20150919	401
20150920	109
20150921	5995
20150922	7148
20150923	6015
20150924	6567
20150925	6169
20150926	241
20150927	405
20150928	12098
20150929	7096
20150930	7156
20151001	8298
20151002	5619
20151003	1694
20151004	194
20151005	10775
20151006	8851
20151007	7510
20151008	7826
20151009	5967
20151010	2703
20151011	896
20151012	9676
20151013	9602
20151014	9422
20151015	9210
20151016	6624
20151017	1909
20151018	118
20151019	10622
20151020	7239
20151021	6319
20151022	7035
20151023	6177
20151024	1511
20151025	1013
20151026	5826
20151027	7786
20151028	5854
20151029	7509
20151030	6218
20151031	346
20151101	315
20151102	5963
20151103	7044
20151104	8051
20151105	7498
20151106	5895
20151107	359
20151108	84
20151109	6377
20151110	5852
20151111	7286
20151112	6386
20151113	5560
20151114	773
20151115	166
20151116	6187
20151117	6960
20151118	7712
20151119	7062
20151120	5597
20151121	465
20151122	452
20151123	6023
20151124	6583
20151125	7056
20151126	6107
20151127	4971
20151128	305
20151129	83
20151130	6114
20151201	8898
20151202	5808
20151203	5730
20151204	5658
20151205	324
20151206	213
20151207	6686
20151208	6655
20151209	5915
20151210	5934
20151211	6135
20151212	396
20151213	184
20151214	6499
20151215	6587
20151216	5268
20151217	5823
20151218	5448
20151219	392
20151220	603
20151221	5376
20151222	6670
20151223	4363
20151224	2924
20151225	161
20151226	163
20151227	189
20151228	334
20151229	4816
20151230	3834
20151231	3216
20160101	718
20160102	306
20160103	73
20160104	5058
20160105	6420
20160106	6231
20160107	6109
20160108	4632
20160109	298
20160110	199
20160111	6209
20160112	6996
20160113	6503
20160114	6161
20160115	5233
20160116	362
20160117	198
20160118	6687
20160119	7593
20160120	5554
20160121	6270
20160122	4481
20160123	579
20160124	88
20160125	6384
20160126	6693
20160127	6036
20160128	6764
20160129	5278
20160130	400
20160131	91
20160201	6139
20160202	7000
20160203	6091
20160204	5801
20160205	9681
20160206	321
20160207	199
20160208	5980
20160209	7175
20160210	7297
20160211	7106
20160212	4823
20160213	259
20160214	732
20160215	6344
20160216	6695
20160217	6967
20160218	8849
20160219	4195
20160220	913
20160221	1193
20160222	7917
20160223	6160
20160224	7055
20160225	6580
20160226	5105
20160227	417
20160228	107
20160229	18623
20160301	6469
20160302	7086
20160303	7019
20160304	5046
20160305	349
20160306	189
20160307	6464
20160308	8590
20160309	16174
20160310	5831
20160311	8068
20160312	405
20160313	405
20160314	9264
20160315	6398
20160316	7175
20160317	12810
20160318	4978
20160319	331
20160320	835
20160321	6171
20160322	7236
20160323	6573
20160324	10518
20160325	332
20160326	320
20160327	122
20160328	200
20160329	6876
20160330	21860
20160331	18810
20160401	4635
20160402	255
20160403	258
20160404	5402
20160405	8481
20160406	5746
20160407	5935
20160408	4410
20160409	207
20160410	274
20160411	6534
20160412	6383
20160413	9238
20160414	6732
20160415	5114
20160416	322
20160417	208
20160418	5626
20160419	7044
20160420	5494
20160421	6153
20160422	5078
20160423	203
20160424	125
20160425	6894
20160426	6749
20160427	5653
20160428	6061
20160429	7894
20160430	685
20160501	250
20160502	183
20160503	6077
20160504	7113
20160505	5552
20160506	4649
20160507	257
20160508	938
20160509	6508
20160510	6406
20160511	5775
20160512	5685
20160513	4805
20160514	313
20160515	229
20160516	6924
20160517	6673
20160518	7006
20160519	7000
20160520	4883
20160521	530
20160522	1774
20160523	7710
20160524	6850
20160525	4880
20160526	7018
20160527	5082
20160528	216
20160529	123
20160530	243
20160531	7543
20160601	6434
20160602	5988
20160603	4374
20160604	284
20160605	612
20160606	5606
20160607	6576
20160608	6538
20160609	5644
20160610	4979
20160611	205
20160612	137
20160613	6838
20160614	6421
20160615	5968
20160616	8007
20160617	5418
20160618	281
20160619	155
20160620	6947
20160621	6878
20160622	6554
20160623	6925
20160624	4938
20160625	239
20160626	188
20160627	5963
20160628	6268
20160629	6528
20160630	6014
20160701	4448
20160702	273
20160703	75
20160704	5575
20160705	6609
20160706	5762
20160707	7102
20160708	4992
20160709	268
20160710	71
20160711	6710
20160712	6639
20160713	6322
20160714	5755
20160715	5387
20160716	459
20160717	348
20160718	6984
20160719	6115
20160720	8270
20160721	6466
20160722	4501
20160723	431
20160724	259
20160725	7205
20160726	6934
20160727	5630
20160728	5942
20160729	5562
20160730	342
20160731	242
20160801	6930
20160802	6551
20160803	5635
20160804	6007
20160805	4991
20160806	265
20160807	100
20160808	5630
20160809	6641
20160810	6371
20160811	5706
20160812	4473
20160813	567
20160814	557
20160815	6017
20160816	6942
20160817	6024
20160818	5491
20160819	4701
20160820	223
20160821	141
20160822	6485
20160823	7146
20160824	5740
20160825	6008
20160826	4384
20160827	486
20160828	214
20160829	121
20160830	6668
20160831	5905
20160901	9837
20160902	4791
20160903	681
20160904	396
20160905	6736
20160906	7744
20160907	6386
20160908	6972
20160909	5119
20160910	384
20160911	77
20160912	5400
20160913	7668
20160914	6201
20160915	8162
20160916	5067
20160917	541
20160918	78
20160919	9659
20160920	8991
20160921	8369
20160922	10187
20160923	8008
20160924	638
20160925	92
20160926	8941
20160927	14683
20160928	7101
20160929	8246
20160930	12518
20161001	2575
20161002	305
20161003	9383
20161004	8712
20161005	8387
20161006	8956
20161007	6678
20161008	2342
20161009	134
20161010	16617
20161011	10236
20161012	8960
20161013	9073
20161014	6730
20161015	2245
20161016	468
20161017	9810
20161018	8145
20161019	9251
20161020	8848
20161021	7089
20161022	1241
20161023	689
20161024	7783
20161025	7382
20161026	7182
20161027	6365
20161028	6219
20161029	346
20161030	1042
20161031	7136
20161101	8053
20161102	8692
20161103	8234
20161104	5458
20161105	354
20161106	299
20161107	6850
20161108	7480
20161109	6435
20161110	7851
20161111	6951
20161112	687
20161113	183
20161114	9068
20161115	7359
20161116	7299
20161117	6783
20161118	5290
20161119	597
20161120	239
20161121	7200
20161122	6844
20161123	7849
20161124	9335
20161125	6261
20161126	293
20161127	174
20161128	7183
20161129	8957
20161130	7345
20161201	9129
20161202	6356
20161203	467
20161204	231
20161205	8320
20161206	8651
20161207	7511
20161208	7660
20161209	5898
20161210	686
20161211	159
20161212	7224
20161213	8730
20161214	7534
20161215	6782
20161216	5267
20161217	670
20161218	372
20161219	6839
20161220	7135
20161221	5792
20161222	7604
20161223	4538
20161224	144
20161225	120
20161226	103
20161227	239
20161228	3973
20161229	5041
20161230	4262
20161231	1770
20170101	304
20170102	161
20170103	6403
20170104	7210
20170105	7737
20170106	5711
20170107	306
20170108	140
20170109	8249
20170110	9011
20170111	7416
20170112	7661
20170113	6311
20170114	212
20170115	347
20170116	9856
20170117	8658
20170118	8862
20170119	9304
20170120	7512
20170121	468
20170122	249
20170123	7889
20170124	8720
20170125	7009
20170126	10714
20170127	6162
20170128	549
20170129	310
20170130	8025
20170131	7717
20170201	8548
20170202	9500
20170203	6853
20170204	338
20170205	344
20170206	7392
20170207	9264
20170208	8082
20170209	9349
20170210	5762
20170211	309
20170212	689
20170213	8347
20170214	8310
20170215	7627
20170216	7875
20170217	6364
20170218	939
20170219	540
20170220	9641
20170221	7302
20170222	7237
20170223	6934
20170224	7881
20170225	570
20170226	179
20170227	7580
20170228	8304
20170301	8604
20170302	8284
20170303	7066
20170304	399
20170305	251
20170306	8243
20170307	8156
20170308	11522
20170309	9253
20170310	6001
20170311	696
20170312	455
20170313	8261
20170314	8233
20170315	8378
20170316	7878
20170317	6562
20170318	543
20170319	329
20170320	8677
20170321	9338
20170322	7656
20170323	8636
20170324	6029
20170325	1751
20170326	1639
20170327	7977
20170328	8003
20170329	11074
20170330	10598
20170331	6737
20170401	898
20170402	333
20170403	7751
20170404	7789
20170405	7657
20170406	7221
20170407	4931
20170408	425
20170409	175
20170410	8981
20170411	8481
20170412	6895
20170413	7269
20170414	218
20170415	165
20170416	193
20170417	275
20170418	6541
20170419	8124
20170420	7885
20170421	5398
20170422	317
20170423	220
20170424	9227
20170425	8867
20170426	6719
20170427	7563
20170428	6104
20170429	553
20170430	88
20170501	226
20170502	8606
20170503	7049
20170504	8850
20170505	6127
20170506	283
20170507	185
20170508	6931
20170509	8344
20170510	8527
20170511	8734
20170512	5857
20170513	433
20170514	295
20170515	8519
20170516	7622
20170517	7707
20170518	8395
20170519	4742
20170520	397
20170521	106
20170522	7260
20170523	7570
20170524	5447
20170525	6937
20170526	5793
20170527	248
20170528	175
20170529	172
20170530	7493
20170531	6998
20170601	7485
20170602	5651
20170603	537
20170604	255
20170605	7798
20170606	8617
20170607	6636
20170608	6439
20170609	6512
20170610	340
20170611	233
20170612	7846
20170613	6326
20170614	6910
20170615	10219
20170616	5764
20170617	638
20170618	264
20170619	6905
20170620	7968
20170621	7542
20170622	8926
20170623	6535
20170624	268
20170625	2144
20170626	9480
20170627	8495
20170628	6923
20170629	28839
20170630	6408
20170701	723
20170702	526
20170703	9455
20170704	8565
20170705	8041
20170706	11329
20170707	6088
20170708	432
20170709	541
20170710	9354
20170711	9877
20170712	8271
20170713	9364
20170714	5619
20170715	338
20170716	325
20170717	10188
20170718	9301
20170719	8374
20170720	9012
20170721	6553
20170722	463
20170723	125
20170724	8079
20170725	10363
20170726	6042
20170727	9318
20170728	5711
20170729	389
20170730	869
20170731	10077
20170801	8309
20170802	8014
20170803	8551
20170804	6346
20170805	466
20170806	185
20170807	8087
20170808	8755
20170809	8120
20170810	8868
20170811	6923
20170812	460
20170813	692
20170814	8535
20170815	8909
20170816	10045
20170817	8866
20170818	6245
20170819	326
20170820	228
20170821	8386
20170822	8346
20170823	7585
20170824	8054
20170825	6277
20170826	799
20170827	500
20170828	191
20170829	8126
20170830	6570
20170831	8241
20170901	9090
20170902	366
20170903	160
20170904	7335
20170905	8199
20170906	8290
20170907	11176
20170908	6441
20170909	319
20170910	1496
20170911	7623
20170912	10660
20170913	7981
20170914	10726
20170915	6456
20170916	934
20170917	540
20170918	10617
20170919	11130
20170920	12917
20170921	10792
20170922	8258
20170923	1782
20170924	125
20170925	13805
20170926	18726
20170927	13879
20170928	16157
20170929	8342
20170930	1274
20171001	268
20171002	12464
20171003	12834
20171004	11148
20171005	10439
20171006	8677
20171007	2735
20171008	248
20171009	10641
20171010	13948
20171011	10938
20171012	9890
20171013	7799
20171014	1821
20171015	263
20171016	10293
20171017	11612
20171018	8486
20171019	10847
20171020	7164
20171021	2039
20171022	245
20171023	9782
20171024	8663
20171025	8665
20171026	8608
20171027	6752
20171028	1313
20171029	253
20171030	8823
20171031	11885
20171101	9722
20171102	8741
20171103	9230
20171104	556
20171105	215
20171106	10416
20171107	7832
20171108	10311
20171109	9466
20171110	6157
20171111	406
20171112	228
20171113	8592
20171114	9062
20171115	11273
20171116	10234
20171117	8388
20171118	230
20171119	424
20171120	8690
20171121	10875
20171122	10042
20171123	10373
20171124	9084
20171125	969
20171126	634
20171127	8683
20171128	9290
20171129	7779
20171130	9501
20171201	7037
20171202	390
20171203	190
20171204	7991
20171205	9539
20171206	8757
20171207	9705
20171208	7302
20171209	356
20171210	184
20171211	10849
20171212	8999
20171213	8209
20171214	9781
20171215	6644
20171216	494
20171217	142
20171218	7644
20171219	8716
20171220	8271
20171221	9331
20171222	9236
20171223	143
20171224	477
20171225	123
20171226	664
20171227	5492
20171228	6371
20171229	5489
20171230	748
20171231	360
20180101	884
20180102	8599
20180103	8692
20180104	8846
20180105	7762
20180106	704
20180107	1292
20180108	10660
20180109	11605
20180110	11220
20180111	10319
20180112	8927
20180113	483
20180114	490
20180115	11342
20180116	11469
20180117	10787
20180118	9301
20180119	8571
20180120	531
20180121	134
20180122	11753
20180123	12452
20180124	10065
20180125	13571
20180126	8143
20180127	363
20180128	1177
20180129	10268
20180130	11231
20180131	9229
20180201	10683
20180202	8584
20180203	714
20180204	181
20180205	8914
20180206	9134
20180207	10831
20180208	8967
20180209	7694
20180210	425
20180211	218
20180212	8870
20180213	18427
20180214	9507
20180215	8624
20180216	6630
20180217	355
20180218	240
20180219	12763
20180220	9101
20180221	10144
20180222	9508
20180223	8210
20180224	299
20180225	292
20180226	9541
20180227	8958
20180228	8471
20180301	8256
20180302	6980
20180303	422
20180304	404
20180305	10687
20180306	10433
20180307	8803
20180308	8946
20180309	6714
20180310	1246
20180311	347
20180312	9253
20180313	9947
20180314	11322
20180315	10039
20180316	8166
20180317	426
20180318	279
20180319	9578
20180320	11199
20180321	9077
20180322	9866
20180323	6916
20180324	552
20180325	540
20180326	9174
20180327	9779
20180328	8905
20180329	10445
20180330	3041
20180331	345
20180401	391
20180402	606
20180403	8501
20180404	8109
20180405	8515
20180406	6744
20180407	471
20180408	661
20180409	8326
20180410	8797
20180411	10033
20180412	8751
20180413	9327
20180414	1029
20180415	301
20180416	10239
20180417	10042
20180418	12857
20180419	9608
20180420	7471
20180421	554
20180422	689
20180423	10763
20180424	9883
20180425	9429
20180426	10670
20180427	8381
20180428	404
20180429	308
20180430	10040
20180501	12076
20180502	10934
20180503	10609
20180504	7117
20180505	275
20180506	236
20180507	773
20180508	9151
20180509	8595
20180510	9687
20180511	9226
20180512	356
20180513	520
20180514	10289
20180515	9045
20180516	9492
20180517	9985
20180518	7368
20180519	667
20180520	322
20180521	10727
20180522	9367
20180523	10380
20180524	9387
20180525	8634
20180526	379
20180527	123
20180528	268
20180529	7265
20180530	7580
20180531	8889
20180601	7472
20180602	575
20180603	298
20180604	9705
20180605	11549
20180606	8611
20180607	9832
20180608	8279
20180609	273
20180610	145
20180611	10233
20180612	10701
20180613	9569
20180614	9751
20180615	6189
20180616	473
20180617	423
20180618	9208
20180619	8868
20180620	8462
20180621	8011
20180622	7229
20180623	307
20180624	168
20180625	9059
20180626	9947
20180627	8873
20180628	9694
20180629	6674
20180630	461
20180701	744
20180702	8696
20180703	8571
20180704	9545
20180705	8438
20180706	5664
20180707	294
20180708	137
20180709	8211
20180710	9832
20180711	7849
20180712	8687
20180713	7655
20180714	155
20180715	704
20180716	9006
20180717	10973
20180718	8800
20180719	9842
20180720	9068
20180721	519
20180722	302
20180723	9932
20180724	12207
20180725	11926
20180726	10230
20180727	5638
20180728	690
20180729	496
20180730	11653
20180731	11326
20180801	9090
20180802	11466
20180803	7641
20180804	536
20180805	261
20180806	9007
20180807	10646
20180808	12032
20180809	9613
20180810	5675
20180811	1500
20180812	466
20180813	9841
20180814	10821
20180815	8649
20180816	8563
20180817	6732
20180818	2403
20180819	73
20180820	11143
20180821	9289
20180822	9642
20180823	8471
20180824	5965
20180825	2510
20180826	787
20180827	490
20180828	7669
20180829	7673
20180830	7614
20180831	6424
20180901	2030
20180902	277
20180903	9778
20180904	9280
20180905	9409
20180906	10065
20180907	7462
20180908	649
20180909	2018
20180910	10407
20180911	9920
20180912	11088
20180913	15699
20180914	7726
20180915	874
20180916	9376
20180917	10415
20180918	10158
20180919	9981
20180920	10459
20180921	7778
20180922	2501
20180923	231
20180924	11482
20180925	11350
20180926	11746
20180927	12630
20180928	10018
20180929	2916
20180930	309
20181001	14805
20181002	12157
20181003	12635
20181004	13486
20181005	9990
20181006	1520
20181007	112
20181008	11260
20181009	13367
20181010	11006
20181011	15518
20181012	9942
20181013	3629
20181014	508
20181015	10532
20181016	11894
20181017	11087
20181018	13303
20181019	9547
20181020	802
20181021	1643
20181022	8854
20181023	10640
20181024	9987
20181025	11218
20181026	7967
20181027	1405
20181028	379
20181029	15064
20181030	15733
20181031	13850
20181101	13286
20181102	8333
20181103	1530
20181104	1211
20181105	11356
20181106	13109
20181107	12651
20181108	13581
20181109	10176
20181110	576
20181111	1034
20181112	13494
20181113	15251
20181114	11372
20181115	12366
20181116	10035
20181117	686
20181118	2355
20181119	11990
20181120	16946
20181121	12526
20181122	12219
20181123	8425
20181124	1661
20181125	932
20181126	11933
20181127	10191
20181128	12080
20181129	11213
20181130	8823
20181201	1303
20181202	123
20181203	14308
20181204	14219
20181205	11436
20181206	11196
20181207	8034
20181208	1779
20181209	1209
20181210	11193
20181211	12139
20181212	10299
20181213	9036
20181214	9010
20181215	659
20181216	1601
20181217	12068
20181218	10178
20181219	10866
20181220	10550
20181221	9933
20181222	374
20181223	135
20181224	6344
20181225	342
20181226	114
20181227	5655
20181228	7393
20181229	286
20181230	514
20181231	7002
20190101	660
20190102	10446
20190103	11275
20190104	9327
20190105	435
20190106	1661
20190107	10419
20190108	11508
20190109	10825
20190110	11124
20190111	11685
20190112	565
20190113	1180
20190114	19859
20190115	12662
20190116	13225
20190117	12145
20190118	14962
20190119	833
20190120	285
20190121	11650
20190122	13727
20190123	13127
20190124	9297
20190125	10266
20190126	723
20190127	230
20190128	11970
20190129	15036
20190130	9325
20190131	10313
20190201	9702
20190202	549
20190203	131
20190204	10501
20190205	10735
20190206	11422
20190207	12289
20190208	10175
20190209	447
20190210	663
20190211	9711
20190212	10988
20190213	11863
20190214	14667
20190215	11950
20190216	640
20190217	504
20190218	10913
20190219	10941
20190220	10958
20190221	9171
20190222	10093
20190223	234
20190224	504
20190225	13126
20190226	13763
20190227	12168
20190228	11358
20190301	11212
20190302	378
20190303	558
20190304	12126
20190305	15598
20190306	11257
20190307	9685
20190308	12847
20190309	407
20190310	301
20190311	12020
20190312	12113
20190313	13727
20190314	9651
20190315	8320
20190316	650
20190317	471
20190318	11329
20190319	12658
20190320	10989
20190321	9810
20190322	10161
20190323	1038
20190324	227
20190325	11055
20190326	11377
20190327	13716
20190328	11198
20190329	9245
20190330	257
20190331	231
20190401	11215
20190402	11702
20190403	9970
20190404	10837
20190405	10253
20190406	771
20190407	135
20190408	12157
20190409	14681
20190410	11129
20190411	8134
20190412	9628
20190413	849
20190414	465
20190415	11236
20190416	13983
20190417	10959
20190418	10700
20190419	242
20190420	361
20190421	257
20190422	638
20190423	11575
20190424	11103
20190425	8733
20190426	12549
20190427	371
20190428	1695
20190429	12627
20190430	15063
20190501	9979
20190502	10079
20190503	11845
20190504	564
20190505	751
20190506	890
20190507	10985
20190508	14680
20190509	13302
20190510	11206
20190511	621
20190512	214
20190513	13047
20190514	17049
20190515	16098
20190516	12538
20190517	13028
20190518	410
20190519	1780
20190520	13711
20190521	15816
20190522	14705
20190523	13552
20190524	10173
20190525	606
20190526	107
20190527	247
20190528	13377
20190529	6844
20190530	10054
20190531	11898
20190601	994
20190602	250
20190603	11441
20190604	14396
20190605	10486
20190606	9324
20190607	9449
20190608	366
20190609	444
20190610	12132
20190611	9971
20190612	10695
20190613	9397
20190614	11200
20190615	770
20190616	274
20190617	12451
20190618	12148
20190619	13431
20190620	13381
20190621	12417
20190622	1114
20190623	172
20190624	12566
20190625	12341
20190626	13187
20190627	9203
20190628	8720
20190629	545
20190630	801
20190701	10652
20190702	12311
20190703	10171
20190704	9252
20190705	7147
20190706	1185
20190707	401
20190708	10566
20190709	12364
20190710	10250
20190711	9746
20190712	11300
20190713	562
20190714	326
20190715	14289
20190716	12802
20190717	10038
20190718	11403
20190719	10993
20190720	257
20190721	1137
20190722	9697
20190723	13252
20190724	12404
20190725	9614
20190726	8266
20190727	858
20190728	430
20190729	11481
20190730	10522
20190731	9409
20190801	9576
20190802	11269
20190803	555
20190804	173
20190805	10961
20190806	12888
20190807	10219
20190808	10835
20190809	8543
20190810	370
20190811	609
20190812	11133
20190813	9990
20190814	9611
20190815	13837
20190816	10016
20190817	318
20190818	342
20190819	8832
20190820	13575
20190821	9778
20190822	8871
20190823	10412
20190824	573
20190825	457
20190826	747
20190827	11487
20190828	10086
20190829	10752
20190830	10773
20190831	674
20190901	816
20190902	11427
20190903	15453
20190904	11698
20190905	13658
20190906	12030
20190907	646
20190908	55
20190909	11794
20190910	14126
20190911	11099
20190912	13281
20190913	9966
20190914	630
20190915	288
20190916	20564
20190917	19623
20190918	9694
20190919	13317
20190920	12528
20190921	2255
20190922	244
20190923	12458
20190924	16689
20190925	29198
20190926	14964
20190927	14487
20190928	2836
20190929	271
20190930	30924
20191001	25297
20191002	12576
20191003	11368
20191004	12867
20191005	3171
20191006	207
20191007	16584
20191008	17686
20191009	17018
20191010	12653
20191011	14903
20191012	1425
20191013	503
20191014	13639
20191015	20933
20191016	22734
20191017	15197
20191018	13612
20191019	2356
20191020	313
20191021	10190
20191022	10674
20191023	11639
20191024	14694
20191025	12362
20191026	416
20191027	491
20191028	11995
20191029	14556
20191030	11641
20191031	15322
20191101	16591
20191102	1386
20191103	415
20191104	16322
20191105	14116
20191106	21088
20191107	14461
20191108	16412
20191109	478
20191110	571
20191111	12266
20191112	17857
20191113	13133
20191114	17920
20191115	16861
20191116	554
20191117	966
20191118	13323
20191119	10603
20191120	11882
20191121	14426
20191122	9617
20191123	657
20191124	217
20191125	11242
20191126	12119
20191127	12972
20191128	8915
20191129	11947
20191130	850
20191201	615
20191202	14711
20191203	11787
20191204	16946
20191205	13960
20191206	15379
20191207	960
20191208	349
20191209	10365
20191210	20869
20191211	12814
20191212	12337
20191213	11963
20191214	296
20191215	987
20191216	13022
20191217	18553
20191218	12213
20191219	15065
20191220	14048
20191221	470
20191222	418
20191223	9173
20191224	7041
20191225	55
20191226	242
20191227	7084
20191228	1841
20191229	424
20191230	8420
20191231	7338
20200101	400
20200102	8849
20200103	12051
20200104	498
20200105	205
20200106	13769
20200107	15597
20200108	13621
20200109	10788
20200110	14670
20200111	546
20200112	243
20200113	13414
20200114	16625
20200115	12142
20200116	11633
20200117	13336
20200118	637
20200119	397
20200120	16610
20200121	16913
20200122	16812
20200123	22166
20200124	14766
20200125	542
20200126	295
20200127	14695
20200128	19429
20200129	17018
20200130	15199
20200131	13994
20200201	357
20200202	793
20200203	16444
20200204	15933
20200205	11772
20200206	13598
20200207	8655
20200208	383
20200209	235
20200210	13599
20200211	21790
20200212	19973
20200213	12351
20200214	11500
20200215	299
20200216	429
20200217	8313
20200218	12450
20200219	14106
20200220	15700
20200221	10279
20200222	342
20200223	329
20200224	13487
20200225	12445
20200226	13175
20200227	15150
20200228	13188
20200229	450
20200301	302
20200302	15811
20200303	11534
20200304	13424
20200305	15272
20200306	14698
20200307	2525
20200308	2479
20200309	14080
20200310	13895
20200311	10895
20200312	13384
20200313	11639
20200314	375
20200315	368
20200316	8902
20200317	13135
20200318	11091
20200319	8831
20200320	4770
20200321	282
20200322	121
20200323	8744
20200324	11750
20200325	7769
20200326	5837
20200327	7383
20200328	437
20200329	1194
20200330	5830
20200331	6135
20200401	4910
20200402	5210
20200403	4797
20200404	148
20200405	258
20200406	4915
20200407	5388
20200408	4591
20200409	3888
20200410	1734
20200411	902
20200412	571
20200413	1615
20200414	4225
20200415	3726
20200416	4134
20200417	4254
20200418	783
20200419	260
20200420	6308
20200421	5468
20200422	4603
20200423	5046
20200424	5400
20200425	266
20200426	324
20200427	5090
20200428	5029
20200429	4543
20200430	5096
20200501	4058
20200502	183
20200503	49
20200504	5420
20200505	4293
20200506	3963
20200507	3504
20200508	921
20200509	334
20200510	247
20200511	4224
20200512	4528
20200513	4014
20200514	4725
20200515	3926
20200516	109
20200517	156
20200518	5580
20200519	4399
20200520	3701
20200521	3807
20200522	2836
20200523	61
20200524	121
20200525	84
20200526	1363
20201211	1
20210707	1
20250201	1
20280312	1
20290501	1
20300201	1
20581027	1
20581110	1
20640310	1
20671127	1
20671207	1
20850201	1
20940608	1
20940920	1
20970116	1
20971002	1
20980318	1
20980326	1
20991117	1
20991208	7
99991231	1
