20100102	36
20100103	96
20100104	3641
20100105	985
20100106	1477
20100107	2448
20100108	2455
20100109	78
20100110	37
20100111	4070
20100112	4005
20100113	3479
20100114	4213
20100115	3488
20100116	82
20100117	29
20100118	4801
20100119	4428
20100120	4053
20100121	3603
20100122	4042
20100123	116
20100124	57
20100125	5092
20100126	4754
20100127	3826
20100128	4065
20100129	3668
20100130	100
20100131	110
20100201	4395
20100202	4562
20100203	3860
20100204	3814
20100205	3957
20100206	97
20100207	19
20100208	4749
20100209	4529
20100210	4056
20100211	4211
20100212	3888
20100213	82
20100214	52
20100215	4237
20100216	4207
20100217	3637
20100218	3866
20100219	3106
20100220	97
20100221	43
20100222	4535
20100223	4066
20100224	3529
20100225	4020
20100226	3800
20100227	99
20100228	48
20100301	4539
20100302	4160
20100303	3715
20100304	3898
20100305	3424
20100306	96
20100307	42
20100308	4425
20100309	3864
20100310	3831
20100311	4201
20100312	3489
20100313	66
20100314	34
20100315	4097
20100316	4336
20100317	4041
20100318	3826
20100319	3754
20100320	93
20100321	32
20100322	4477
20100323	4192
20100324	3881
20100325	4060
20100326	3497
20100327	69
20100328	40
20100329	4236
20100330	4081
20100331	3680
20100401	3535
20100402	24
20100403	29
20100404	13
20100405	23
20100406	3393
20100407	3485
20100408	3409
20100409	3412
20100410	110
20100411	36
20100412	4226
20100413	3846
20100414	3417
20100415	3716
20100416	3490
20100417	80
20100418	23
20100419	4026
20100420	3848
20100421	3842
20100422	3858
20100423	3432
20100424	71
20100425	36
20100426	3999
20100427	3722
20100428	3499
20100429	3664
20100430	3493
20100501	73
20100502	31
20100503	61
20100504	4170
20100505	3689
20100506	4209
20100507	3806
20100508	91
20100509	33
20100510	4333
20100511	4063
20100512	3857
20100513	4109
20100514	3568
20100515	70
20100516	24
20100517	4526
20100518	4147
20100519	3550
20100520	3381
20100521	3495
20100522	83
20100523	51
20100524	4531
20100525	4176
20100526	3602
20100527	3587
20100528	3267
20100529	36
20100530	23
20100531	19
20100601	3654
20100602	3393
20100603	3961
20100604	2906
20100605	92
20100606	42
20100607	4033
20100608	3885
20100609	3556
20100610	3814
20100611	3218
20100612	96
20100613	34
20100614	3958
20100615	3691
20100616	3530
20100617	4080
20100618	3271
20100619	82
20100620	33
20100621	4249
20100622	4129
20100623	3403
20100624	3950
20100625	3290
20100626	74
20100627	17
20100628	4413
20100629	3799
20100630	3384
20100701	4196
20100702	3316
20100703	57
20100704	31
20100705	4394
20100706	4035
20100707	3505
20100708	3696
20100709	3526
20100710	53
20100711	19
20100712	4402
20100713	3552
20100714	3402
20100715	3051
20100716	3166
20100717	46
20100718	40
20100719	4513
20100720	3880
20100721	3973
20100722	3961
20100723	3623
20100724	63
20100725	47
20100726	4436
20100727	3864
20100728	3658
20100729	3655
20100730	3032
20100731	118
20100801	75
20100802	3853
20100803	3466
20100804	3532
20100805	3614
20100806	3160
20100807	115
20100808	53
20100809	3841
20100810	3648
20100811	3394
20100812	3520
20100813	3382
20100814	112
20100815	20
20100816	4075
20100817	3618
20100818	3422
20100819	3719
20100820	3242
20100821	58
20100822	12
20100823	4320
20100824	3899
20100825	3340
20100826	3931
20100827	3062
20100828	58
20100829	31
20100830	57
20100831	3821
20100901	3679
20100902	3747
20100903	3440
20100904	115
20100905	43
20100906	4290
20100907	3791
20100908	3619
20100909	4287
20100910	3269
20100911	146
20100912	38
20100913	4502
20100914	3886
20100915	3599
20100916	3926
20100917	3651
20100918	142
20100919	70
20100920	4682
20100921	4592
20100922	3514
20100923	3479
20100924	3588
20100925	70
20100926	34
20100927	4347
20100928	4386
20100929	3812
20100930	4085
20101001	3291
20101002	156
20101003	40
20101004	4226
20101005	3951
20101006	3580
20101007	4288
20101008	3239
20101009	365
20101010	50
20101011	4952
20101012	4195
20101013	3892
20101014	4135
20101015	3296
20101016	346
20101017	30
20101018	4516
20101019	4260
20101020	3597
20101021	4160
20101022	3846
20101023	266
20101024	65
20101025	4337
20101026	4412
20101027	3743
20101028	3738
20101029	2970
20101030	195
20101031	37
20101101	4365
20101102	4011
20101103	3575
20101104	3899
20101105	3592
20101106	117
20101107	40
20101108	4729
20101109	4439
20101110	3544
20101111	4014
20101112	3778
20101113	177
20101114	41
20101115	4294
20101116	3938
20101117	3260
20101118	3891
20101119	3395
20101120	137
20101121	30
20101122	4432
20101123	4208
20101124	3337
20101125	3118
20101126	3578
20101127	94
20101128	41
20101129	4283
20101130	3680
20101201	2716
20101202	3485
20101203	2878
20101204	106
20101205	31
20101206	3863
20101207	3585
20101208	3401
20101209	3740
20101210	3078
20101211	86
20101212	31
20101213	4092
20101214	3773
20101215	3355
20101216	3743
20101217	3106
20101218	80
20101219	40
20101220	3942
20101221	3807
20101222	2981
20101223	3135
20101224	1566
20101225	32
20101226	24
20101227	45
20101228	38
20101229	2690
20101230	2887
20101231	1749
20110101	349
20110102	42
20110103	44
20110104	3980
20110105	3943
20110106	4457
20110107	3603
20110108	84
20110109	35
20110110	4706
20110111	4420
20110112	3806
20110113	4289
20110114	4122
20110115	118
20110116	46
20110117	5216
20110118	4637
20110119	3716
20110120	4479
20110121	4173
20110122	46
20110123	36
20110124	4828
20110125	4760
20110126	4195
20110127	4710
20110128	3820
20110129	168
20110130	36
20110131	4894
20110201	4618
20110202	3827
20110203	4295
20110204	4102
20110205	99
20110206	37
20110207	4680
20110208	4548
20110209	3749
20110210	4548
20110211	3736
20110212	155
20110213	32
20110214	4391
20110215	4213
20110216	3946
20110217	4492
20110218	3618
20110219	128
20110220	39
20110221	5285
20110222	4296
20110223	3777
20110224	4019
20110225	3540
20110226	75
20110227	39
20110228	4439
20110301	4366
20110302	3677
20110303	4408
20110304	3631
20110305	113
20110306	92
20110307	4531
20110308	4720
20110309	4016
20110310	4513
20110311	3617
20110312	113
20110313	72
20110314	4638
20110315	6050
20110316	4189
20110317	4094
20110318	3606
20110319	96
20110320	36
20110321	4586
20110322	4641
20110323	3862
20110324	4656
20110325	3544
20110326	103
20110327	37
20110328	4224
20110329	4365
20110330	3629
20110331	4248
20110401	3362
20110402	129
20110403	30
20110404	4870
20110405	4481
20110406	3864
20110407	4581
20110408	3702
20110409	97
20110410	43
20110411	4434
20110412	4138
20110413	3823
20110414	3582
20110415	3314
20110416	74
20110417	73
20110418	4294
20110419	4170
20110420	3151
20110421	3571
20110422	43
20110423	50
20110424	28
20110425	43
20110426	3388
20110427	3383
20110428	3638
20110429	34
20110430	70
20110501	75
20110502	56
20110503	4029
20110504	3795
20110505	4145
20110506	3795
20110507	85
20110508	46
20110509	4508
20110510	3736
20110511	3754
20110512	4141
20110513	3524
20110514	81
20110515	52
20110516	4653
20110517	4581
20110518	3851
20110519	3909
20110520	3716
20110521	79
20110522	18
20110523	4206
20110524	4474
20110525	3587
20110526	4190
20110527	3610
20110528	53
20110529	37
20110530	37
20110531	4303
20110601	3479
20110602	4101
20110603	3446
20110604	128
20110605	30
20110606	4314
20110607	4393
20110608	3500
20110609	4006
20110610	3797
20110611	47
20110612	24
20110613	5055
20110614	4187
20110615	3389
20110616	3976
20110617	3536
20110618	101
20110619	38
20110620	4454
20110621	4263
20110622	3581
20110623	4150
20110624	3339
20110625	94
20110626	54
20110627	4149
20110628	4071
20110629	3591
20110630	3707
20110701	3250
20110702	79
20110703	33
20110704	4085
20110705	3764
20110706	3608
20110707	4277
20110708	3762
20110709	92
20110710	30
20110711	4339
20110712	4253
20110713	3836
20110714	3645
20110715	3383
20110716	80
20110717	45
20110718	4064
20110719	4312
20110720	3596
20110721	3909
20110722	3274
20110723	73
20110724	26
20110725	4055
20110726	4020
20110727	3711
20110728	4154
20110729	3100
20110730	119
20110731	30
20110801	4179
20110802	4059
20110803	3969
20110804	3843
20110805	3463
20110806	132
20110807	22
20110808	4141
20110809	3838
20110810	3704
20110811	4200
20110812	3541
20110813	145
20110814	45
20110815	4225
20110816	4356
20110817	3466
20110818	4053
20110819	3508
20110820	163
20110821	21
20110822	3967
20110823	4161
20110824	3407
20110825	4312
20110826	3128
20110827	64
20110828	38
20110829	25
20110830	3891
20110831	3364
20110901	3981
20110902	3255
20110903	99
20110904	22
20110905	4474
20110906	4313
20110907	3607
20110908	4237
20110909	3472
20110910	62
20110911	36
20110912	4576
20110913	4215
20110914	3585
20110915	3826
20110916	3838
20110917	123
20110918	76
20110919	4579
20110920	4344
20110921	3785
20110922	4191
20110923	3686
20110924	58
20110925	67
20110926	4599
20110927	5341
20110928	3594
20110929	4696
20110930	3430
20111001	153
20111002	41
20111003	5311
20111004	4254
20111005	3921
20111006	5250
20111007	3397
20111008	83
20111009	38
20111010	4637
20111011	4302
20111012	3479
20111013	4695
20111014	3526
20111015	176
20111016	53
20111017	4688
20111018	4128
20111019	4032
20111020	3801
20111021	3303
20111022	143
20111023	32
20111024	3978
20111025	3740
20111026	3431
20111027	3595
20111028	3140
20111029	111
20111030	39
20111031	4351
20111101	4135
20111102	4093
20111103	5898
20111104	3755
20111105	110
20111106	47
20111107	4604
20111108	4548
20111109	3883
20111110	4158
20111111	3889
20111112	103
20111113	31
20111114	4671
20111115	4143
20111116	4034
20111117	4462
20111118	3484
20111119	153
20111120	44
20111121	4662
20111122	4529
20111123	4025
20111124	4217
20111125	3351
20111126	103
20111127	38
20111128	4372
20111129	4260
20111130	3675
20111201	4059
20111202	3297
20111203	112
20111204	34
20111205	4303
20111206	4015
20111207	3453
20111208	3975
20111209	3146
20111210	85
20111211	23
20111212	4185
20111213	3987
20111214	3812
20111215	4253
20111216	3639
20111217	88
20111218	37
20111219	3889
20111220	3870
20111221	3423
20111222	3647
20111223	2890
20111224	48
20111225	9
20111226	16
20111227	33
20111228	2529
20111229	2958
20111230	2503
20111231	55
20120101	342
20120102	55
20120103	3965
20120104	3997
20120105	4492
20120106	4083
20120107	184
20120108	41
20120109	5377
20120110	5044
20120111	3909
20120112	4690
20120113	4213
20120114	207
20120115	26
20120116	5145
20120117	4444
20120118	4046
20120119	4499
20120120	4132
20120121	174
20120122	55
20120123	5006
20120124	4560
20120125	4095
20120126	4357
20120127	3965
20120128	119
20120129	55
20120130	4832
20120131	4674
20120201	4334
20120202	4646
20120203	3862
20120204	170
20120205	35
20120206	4906
20120207	4660
20120208	4283
20120209	4913
20120210	4049
20120211	270
20120212	29
20120213	4924
20120214	4414
20120215	3804
20120216	4534
20120217	3587
20120218	157
20120219	26
20120220	4942
20120221	4073
20120222	4028
20120223	4443
20120224	3952
20120225	120
20120226	26
20120227	4727
20120228	4521
20120229	4214
20120301	4559
20120302	4565
20120303	183
20120304	27
20120305	4816
20120306	4201
20120307	4398
20120308	4539
20120309	3987
20120310	147
20120311	41
20120312	5046
20120313	4498
20120314	4571
20120315	4354
20120316	3606
20120317	177
20120318	27
20120319	4772
20120320	4667
20120321	4113
20120322	4385
20120323	3692
20120324	123
20120325	35
20120326	4438
20120327	4125
20120328	4064
20120329	4375
20120330	3514
20120331	65
20120401	83
20120402	4680
20120403	4235
20120404	3662
20120405	3950
20120406	40
20120407	42
20120408	36
20120409	31
20120410	3588
20120411	3606
20120412	3787
20120413	3554
20120414	168
20120415	38
20120416	4675
20120417	3944
20120418	4306
20120419	4154
20120420	3510
20120421	111
20120422	35
20120423	4371
20120424	4077
20120425	3981
20120426	3924
20120427	3756
20120428	121
20120429	40
20120430	4677
20120501	4231
20120502	3991
20120503	3989
20120504	3325
20120505	64
20120506	24
20120507	34
20120508	4260
20120509	4152
20120510	4275
20120511	3962
20120512	195
20120513	33
20120514	4308
20120515	4301
20120516	4143
20120517	3984
20120518	3528
20120519	157
20120520	25
20120521	4547
20120522	4409
20120523	4149
20120524	4200
20120525	3496
20120526	141
20120527	30
20120528	4456
20120529	4326
20120530	3360
20120531	3845
20120601	3505
20120602	51
20120603	33
20120604	33
20120605	139
20120606	3784
20120607	3841
20120608	3649
20120609	65
20120610	27
20120611	4377
20120612	4513
20120613	4324
20120614	4335
20120615	4022
20120616	152
20120617	33
20120618	4665
20120619	4580
20120620	4230
20120621	3794
20120622	3788
20120623	191
20120624	43
20120625	3940
20120626	3908
20120627	4327
20120628	4324
20120629	3291
20120630	201
20120701	78
20120702	4311
20120703	4242
20120704	3828
20120705	4319
20120706	3693
20120707	88
20120708	21
20120709	4679
20120710	4335
20120711	4089
20120712	3951
20120713	3509
20120714	109
20120715	73
20120716	4801
20120717	4259
20120718	3918
20120719	4016
20120720	3447
20120721	154
20120722	40
20120723	4518
20120724	3905
20120725	3909
20120726	4251
20120727	3655
20120728	170
20120729	44
20120730	4306
20120731	4570
20120801	3973
20120802	4006
20120803	3620
20120804	119
20120805	33
20120806	4259
20120807	4078
20120808	3861
20120809	3968
20120810	3238
20120811	125
20120812	31
20120813	4502
20120814	4162
20120815	4058
20120816	4168
20120817	3565
20120818	203
20120819	28
20120820	4583
20120821	3856
20120822	4310
20120823	4059
20120824	3377
20120825	67
20120826	28
20120827	51
20120828	4370
20120829	3914
20120830	4104
20120831	3540
20120901	108
20120902	22
20120903	4329
20120904	4114
20120905	4279
20120906	3597
20120907	3642
20120908	79
20120909	27
20120910	4489
20120911	4474
20120912	4521
20120913	4580
20120914	3767
20120915	208
20120916	107
20120917	5156
20120918	4500
20120919	3702
20120920	4556
20120921	3841
20120922	189
20120923	34
20120924	4544
20120925	4452
20120926	3857
20120927	4593
20120928	4016
20120929	106
20120930	55
20121001	5067
20121002	4328
20121003	4477
20121004	4315
20121005	4717
20121006	279
20121007	51
20121008	5092
20121009	4764
20121010	4607
20121011	4934
20121012	3696
20121013	145
20121014	69
20121015	4837
20121016	4677
20121017	4388
20121018	4776
20121019	4256
20121020	247
20121021	30
20121022	4619
20121023	4922
20121024	4389
20121025	5041
20121026	3907
20121027	187
20121028	61
20121029	4395
20121030	4278
20121031	4022
20121101	4344
20121102	3547
20121103	111
20121104	39
20121105	4731
20121106	4456
20121107	4254
20121108	4944
20121109	4025
20121110	75
20121111	57
20121112	4945
20121113	4790
20121114	4566
20121115	4706
20121116	3956
20121117	136
20121118	26
20121119	4656
20121120	4131
20121121	4187
20121122	4862
20121123	3451
20121124	81
20121125	35
20121126	4964
20121127	4651
20121128	4489
20121129	4369
20121130	3572
20121201	115
20121202	36
20121203	4296
20121204	4274
20121205	4204
20121206	4620
20121207	3651
20121208	73
20121209	35
20121210	4462
20121211	4498
20121212	4125
20121213	4352
20121214	3587
20121215	90
20121216	45
20121217	4905
20121218	4467
20121219	3836
20121220	4497
20121221	3425
20121222	103
20121223	49
20121224	2316
20121225	26
20121226	25
20121227	2927
20121228	2591
20121229	61
20121230	43
20121231	2720
20130101	370
20130102	3835
20130103	4321
20130104	3911
20130105	77
20130106	61
20130107	5553
20130108	5128
20130109	4854
20130110	4900
20130111	4547
20130112	78
20130113	44
20130114	5511
20130115	4814
20130116	4517
20130117	7819
20130118	4129
20130119	160
20130120	72
20130121	5179
20130122	4855
20130123	4835
20130124	5211
20130125	4143
20130126	119
20130127	49
20130128	5542
20130129	5027
20130130	4775
20130131	5293
20130201	4676
20130202	151
20130203	61
20130204	5511
20130205	4940
20130206	4325
20130207	5102
20130208	4380
20130209	149
20130210	47
20130211	4943
20130212	4772
20130213	4978
20130214	5175
20130215	4074
20130216	97
20130217	45
20130218	5359
20130219	5027
20130220	4771
20130221	5250
20130222	4425
20130223	112
20130224	194
20130225	4871
20130226	4655
20130227	4452
20130228	4695
20130301	4364
20130302	160
20130303	38
20130304	5208
20130305	4659
20130306	4686
20130307	4773
20130308	4079
20130309	105
20130310	40
20130311	5189
20130312	4803
20130313	4555
20130314	4879
20130315	4126
20130316	194
20130317	40
20130318	4925
20130319	4682
20130320	4063
20130321	4892
20130322	4056
20130323	155
20130324	22
20130325	4435
20130326	4284
20130327	3826
20130328	4338
20130329	57
20130330	59
20130331	29
20130401	115
20130402	3601
20130403	3480
20130404	4468
20130405	3848
20130406	136
20130407	39
20130408	5183
20130409	4836
20130410	3874
20130411	4323
20130412	4337
20130413	93
20130414	39
20130415	5175
20130416	4511
20130417	4321
20130418	4578
20130419	4099
20130420	133
20130421	57
20130422	4744
20130423	4440
20130424	4314
20130425	4501
20130426	3667
20130427	94
20130428	34
20130429	4727
20130430	4704
20130501	4258
20130502	4839
20130503	3952
20130504	104
20130505	30
20130506	73
20130507	4036
20130508	4261
20130509	4548
20130510	3811
20130511	111
20130512	36
20130513	4938
20130514	4742
20130515	4419
20130516	4193
20130517	3813
20130518	109
20130519	38
20130520	4888
20130521	4032
20130522	4224
20130523	4393
20130524	3726
20130525	73
20130526	32
20130527	78
20130528	3832
20130529	4305
20130530	4095
20130531	3580
20130601	173
20130602	33
20130603	4513
20130604	4115
20130605	4141
20130606	4408
20130607	3828
20130608	55
20130609	37
20130610	5419
20130611	4419
20130612	4116
20130613	4366
20130614	3832
20130615	107
20130616	28
20130617	5097
20130618	4485
20130619	3946
20130620	4135
20130621	4019
20130622	70
20130623	47
20130624	4947
20130625	4172
20130626	4463
20130627	4028
20130628	3706
20130629	162
20130630	33
20130701	4840
20130702	4377
20130703	4599
20130704	4688
20130705	3369
20130706	79
20130707	37
20130708	5186
20130709	4747
20130710	4330
20130711	4521
20130712	3887
20130713	71
20130714	38
20130715	5652
20130716	4814
20130717	4387
20130718	4276
20130719	3634
20130720	71
20130721	57
20130722	4904
20130723	4654
20130724	4372
20130725	4677
20130726	3528
20130727	102
20130728	52
20130729	4768
20130730	4841
20130731	4402
20130801	4356
20130802	3569
20130803	122
20130804	44
20130805	4866
20130806	4405
20130807	4386
20130808	3851
20130809	3516
20130810	53
20130811	46
20130812	4738
20130813	4171
20130814	4536
20130815	4589
20130816	4106
20130817	56
20130818	57
20130819	5299
20130820	4650
20130821	4287
20130822	4483
20130823	3672
20130824	33
20130825	33
20130826	62
20130827	4580
20130828	4682
20130829	4722
20130830	3861
20130831	95
20130901	74
20130902	4906
20130903	4928
20130904	4309
20130905	5006
20130906	4007
20130907	101
20130908	37
20130909	5090
20130910	4585
20130911	4856
20130912	4642
20130913	4099
20130914	181
20130915	116
20130916	4613
20130917	4627
20130918	4682
20130919	4651
20130920	3770
20130921	203
20130922	67
20130923	4943
20130924	4709
20130925	4571
20130926	4436
20130927	3860
20130928	186
20130929	52
20130930	5851
20131001	5171
20131002	5165
20131003	4554
20131004	3895
20131005	190
20131006	46
20131007	5609
20131008	4879
20131009	4593
20131010	5414
20131011	4394
20131012	258
20131013	79
20131014	5046
20131015	5116
20131016	5274
20131017	4883
20131018	3969
20131019	204
20131020	67
20131021	5173
20131022	4844
20131023	5525
20131024	4800
20131025	4272
20131026	97
20131027	43
20131028	4785
20131029	4262
20131030	4055
20131031	4247
20131101	3695
20131102	95
20131103	48
20131104	4814
20131105	4933
20131106	4593
20131107	4815
20131108	4070
20131109	97
20131110	46
20131111	4962
20131112	4874
20131113	4765
20131114	4882
20131115	4134
20131116	71
20131117	49
20131118	5113
20131119	4678
20131120	4325
20131121	4187
20131122	3892
20131123	157
20131124	46
20131125	4777
20131126	4138
20131127	4315
20131128	4348
20131129	3915
20131130	117
20131201	67
20131202	5225
20131203	4446
20131204	4455
20131205	4335
20131206	3826
20131207	90
20131208	64
20131209	4857
20131210	4662
20131211	4401
20131212	5074
20131213	4047
20131214	108
20131215	53
20131216	4855
20131217	4444
20131218	4604
20131219	4438
20131220	3833
20131221	64
20131222	35
20131223	4135
20131224	2209
20131225	25
20131226	40
20131227	2122
20131228	51
20131229	35
20131230	3868
20131231	2647
20140101	329
20140102	3582
20140103	3976
20140104	97
20140105	75
20140106	5358
20140107	4797
20140108	5010
20140109	5668
20140110	4483
20140111	125
20140112	35
20140113	5479
20140114	5282
20140115	5356
20140116	5831
20140117	4513
20140118	103
20140119	76
20140120	6046
20140121	5435
20140122	5185
20140123	4965
20140124	4336
20140125	199
20140126	56
20140127	5508
20140128	5575
20140129	5233
20140130	5205
20140131	4318
20140201	157
20140202	59
20140203	5311
20140204	4902
20140205	5060
20140206	5407
20140207	4637
20140208	103
20140209	47
20140210	4739
20140211	4658
20140212	4898
20140213	5099
20140214	4381
20140215	108
20140216	67
20140217	4944
20140218	4654
20140219	4235
20140220	4520
20140221	3962
20140222	129
20140223	50
20140224	5330
20140225	4846
20140226	4827
20140227	5199
20140228	3949
20140301	187
20140302	40
20140303	5192
20140304	4890
20140305	4879
20140306	5637
20140307	4263
20140308	169
20140309	47
20140310	5481
20140311	5002
20140312	5127
20140313	4953
20140314	3870
20140315	177
20140316	40
20140317	5225
20140318	4769
20140319	4827
20140320	5106
20140321	3850
20140322	109
20140323	70
20140324	5496
20140325	5235
20140326	4777
20140327	5436
20140328	4101
20140329	104
20140330	52
20140331	5682
20140401	4934
20140402	4546
20140403	4817
20140404	3855
20140405	99
20140406	44
20140407	4736
20140408	4654
20140409	4484
20140410	4790
20140411	3914
20140412	113
20140413	29
20140414	4195
20140415	3892
20140416	4059
20140417	4199
20140418	52
20140419	79
20140420	41
20140421	37
20140422	4027
20140423	4158
20140424	4494
20140425	3817
20140426	83
20140427	46
20140428	5140
20140429	4642
20140430	4843
20140501	5401
20140502	3598
20140503	76
20140504	48
20140505	57
20140506	4636
20140507	4294
20140508	4996
20140509	4067
20140510	147
20140511	58
20140512	5344
20140513	4494
20140514	4780
20140515	4928
20140516	3793
20140517	101
20140518	30
20140519	5253
20140520	4524
20140521	4724
20140522	5098
20140523	3918
20140524	115
20140525	47
20140526	51
20140527	4459
20140528	4337
20140529	4821
20140530	3835
20140531	119
20140601	84
20140602	5349
20140603	4061
20140604	4194
20140605	4088
20140606	3730
20140607	57
20140608	37
20140609	4953
20140610	4411
20140611	4481
20140612	4439
20140613	3869
20140614	91
20140615	48
20140616	4953
20140617	4713
20140618	4092
20140619	4597
20140620	3783
20140621	81
20140622	45
20140623	4819
20140624	4539
20140625	4160
20140626	4752
20140627	3765
20140628	115
20140629	39
20140630	4686
20140701	4790
20140702	4116
20140703	4648
20140704	3668
20140705	52
20140706	51
20140707	4747
20140708	4063
20140709	4508
20140710	4396
20140711	3636
20140712	106
20140713	25
20140714	4562
20140715	4693
20140716	3891
20140717	4462
20140718	3903
20140719	86
20140720	40
20140721	4629
20140722	4286
20140723	4106
20140724	4139
20140725	3281
20140726	71
20140727	55
20140728	4751
20140729	4259
20140730	4549
20140731	4317
20140801	4023
20140802	80
20140803	42
20140804	4373
20140805	4348
20140806	4021
20140807	4534
20140808	3903
20140809	105
20140810	38
20140811	4802
20140812	4704
20140813	3635
20140814	4595
20140815	3551
20140816	74
20140817	49
20140818	4922
20140819	4331
20140820	3722
20140821	4417
20140822	4295
20140823	53
20140824	51
20140825	45
20140826	3827
20140827	3994
20140828	4651
20140829	3632
20140830	58
20140831	39
20140901	4835
20140902	4525
20140903	4615
20140904	4625
20140905	3762
20140906	67
20140907	34
20140908	4594
20140909	4546
20140910	3910
20140911	4879
20140912	3837
20140913	125
20140914	58
20140915	5260
20140916	4820
20140917	4401
20140918	4895
20140919	3881
20140920	144
20140921	46
20140922	5257
20140923	5236
20140924	4506
20140925	4644
20140926	3999
20140927	97
20140928	53
20140929	4975
20140930	4600
20141001	4521
20141002	4388
20141003	3942
20141004	309
20141005	55
20141006	5806
20141007	4684
20141008	4388
20141009	4416
20141010	3734
20141011	130
20141012	38
20141013	5508
20141014	4845
20141015	4016
20141016	4655
20141017	4168
20141018	93
20141019	43
20141020	4824
20141021	4258
20141022	4035
20141023	4560
20141024	3615
20141025	117
20141026	56
20141027	4802
20141028	4668
20141029	4114
20141030	3926
20141031	3528
20141101	118
20141102	51
20141103	5614
20141104	4475
20141105	4314
20141106	4938
20141107	3839
20141108	92
20141109	56
20141110	5162
20141111	4316
20141112	4247
20141113	4447
20141114	4292
20141115	68
20141116	53
20141117	5029
20141118	4418
20141119	4217
20141120	4891
20141121	3765
20141122	66
20141123	40
20141124	5074
20141125	4672
20141126	4070
20141127	4779
20141128	3730
20141129	225
20141130	45
20141201	4865
20141202	4184
20141203	3799
20141204	4560
20141205	3772
20141206	160
20141207	49
20141208	4905
20141209	4555
20141210	3986
20141211	4348
20141212	3586
20141213	89
20141214	40
20141215	4513
20141216	4476
20141217	4034
20141218	4311
20141219	3646
20141220	59
20141221	54
20141222	4727
20141223	4093
20141224	3096
20141225	17
20141226	34
20141227	39
20141228	45
20141229	3464
20141230	3001
20141231	2241
20150101	282
20150102	2710
20150103	116
20150104	59
20150105	4979
20150106	4781
20150107	4574
20150108	4967
20150109	4744
20150110	236
20150111	41
20150112	6123
20150113	5709
20150114	4575
20150115	6107
20150116	4700
20150117	136
20150118	84
20150119	5649
20150120	5997
20150121	5653
20150122	5701
20150123	4270
20150124	110
20150125	61
20150126	6473
20150127	5433
20150128	4905
20150129	4668
20150130	3987
20150131	145
20150201	80
20150202	5677
20150203	5995
20150204	5148
20150205	5064
20150206	4311
20150207	157
20150208	84
20150209	5914
20150210	5537
20150211	4829
20150212	5049
20150213	4663
20150214	63
20150215	67
20150216	5327
20150217	4356
20150218	4311
20150219	5195
20150220	3993
20150221	142
20150222	68
20150223	5653
20150224	5142
20150225	4359
20150226	5541
20150227	4504
20150228	132
20150301	85
20150302	5629
20150303	5487
20150304	5011
20150305	5197
20150306	4409
20150307	194
20150308	90
20150309	5099
20150310	5195
20150311	4602
20150312	5014
20150313	4326
20150314	117
20150315	60
20150316	5234
20150317	5297
20150318	4909
20150319	5632
20150320	4133
20150321	145
20150322	114
20150323	5430
20150324	4967
20150325	4413
20150326	4907
20150327	4250
20150328	90
20150329	69
20150330	5363
20150331	4711
20150401	4660
20150402	4532
20150403	86
20150404	87
20150405	58
20150406	60
20150407	4129
20150408	4178
20150409	4442
20150410	3773
20150411	125
20150412	49
20150413	5216
20150414	5168
20150415	4069
20150416	4816
20150417	3887
20150418	120
20150419	58
20150420	5544
20150421	5144
20150422	3925
20150423	4394
20150424	4686
20150425	117
20150426	48
20150427	5318
20150428	5024
20150429	4378
20150430	5210
20150501	4172
20150502	96
20150503	42
20150504	62
20150505	4913
20150506	4887
20150507	5045
20150508	4448
20150509	126
20150510	52
20150511	5403
20150512	4581
20150513	4956
20150514	4924
20150515	4445
20150516	126
20150517	52
20150518	5533
20150519	5011
20150520	4830
20150521	4987
20150522	4354
20150523	79
20150524	51
20150525	45
20150526	4430
20150527	4377
20150528	4519
20150529	3651
20150530	95
20150531	52
20150601	5606
20150602	5581
20150603	4553
20150604	4981
20150605	4350
20150606	87
20150607	33
20150608	5186
20150609	5092
20150610	4290
20150611	4792
20150612	4484
20150613	121
20150614	40
20150615	5282
20150616	4953
20150617	4258
20150618	4754
20150619	3925
20150620	131
20150621	54
20150622	5396
20150623	5137
20150624	4786
20150625	4497
20150626	3940
20150627	104
20150628	49
20150629	5513
20150630	5316
20150701	4308
20150702	5066
20150703	4302
20150704	53
20150705	52
20150706	5021
20150707	5212
20150708	4592
20150709	5107
20150710	4296
20150711	122
20150712	76
20150713	5070
20150714	5441
20150715	5459
20150716	5280
20150717	4324
20150718	102
20150719	50
20150720	5080
20150721	4979
20150722	4799
20150723	5039
20150724	4174
20150725	69
20150726	40
20150727	5256
20150728	5323
20150729	4273
20150730	4910
20150731	4224
20150801	73
20150802	52
20150803	5388
20150804	5466
20150805	4735
20150806	4558
20150807	3891
20150808	96
20150809	45
20150810	4797
20150811	4988
20150812	5280
20150813	4649
20150814	3957
20150815	206
20150816	39
20150817	4988
20150818	4823
20150819	4225
20150820	4954
20150821	3734
20150822	76
20150823	57
20150824	5281
20150825	4971
20150826	4538
20150827	4547
20150828	3641
20150829	70
20150830	37
20150831	48
20150901	5016
20150902	4373
20150903	4737
20150904	3953
20150905	106
20150906	35
20150907	5468
20150908	5562
20150909	4642
20150910	4930
20150911	4194
20150912	75
20150913	45
20150914	5115
20150915	5213
20150916	3975
20150917	4787
20150918	4383
20150919	232
20150920	81
20150921	5686
20150922	5163
20150923	4454
20150924	4845
20150925	4333
20150926	71
20150927	58
20150928	5588
20150929	5224
20150930	4362
20151001	4934
20151002	4142
20151003	157
20151004	53
20151005	5071
20151006	4723
20151007	4774
20151008	4772
20151009	4206
20151010	139
20151011	54
20151012	5312
20151013	5409
20151014	4753
20151015	5480
20151016	4123
20151017	142
20151018	52
20151019	5935
20151020	5345
20151021	4564
20151022	5515
20151023	4966
20151024	133
20151025	97
20151026	4793
20151027	5005
20151028	4303
20151029	4908
20151030	3769
20151031	123
20151101	64
20151102	5288
20151103	5206
20151104	5004
20151105	5289
20151106	4663
20151107	186
20151108	86
20151109	5370
20151110	4438
20151111	5124
20151112	5372
20151113	4480
20151114	148
20151115	47
20151116	5345
20151117	5326
20151118	4701
20151119	5111
20151120	7834
20151121	191
20151122	50
20151123	5464
20151124	4719
20151125	4311
20151126	4411
20151127	4102
20151128	94
20151129	53
20151130	5035
20151201	4663
20151202	4862
20151203	4714
20151204	4161
20151205	167
20151206	42
20151207	5316
20151208	4922
20151209	4738
20151210	4953
20151211	4212
20151212	121
20151213	54
20151214	5115
20151215	5010
20151216	4615
20151217	4994
20151218	4120
20151219	151
20151220	44
20151221	5067
20151222	4623
20151223	3809
20151224	2470
20151225	26
20151226	58
20151227	49
20151228	78
20151229	3753
20151230	3301
20151231	2848
20160101	297
20160102	77
20160103	40
20160104	4991
20160105	4999
20160106	4754
20160107	5229
20160108	4455
20160109	127
20160110	50
20160111	5751
20160112	5486
20160113	5189
20160114	5336
20160115	4645
20160116	136
20160117	46
20160118	5867
20160119	5762
20160120	4777
20160121	5484
20160122	4511
20160123	154
20160124	73
20160125	9264
20160126	8384
20160127	5211
20160128	5085
20160129	4714
20160130	155
20160131	67
20160201	5948
20160202	5745
20160203	5162
20160204	5202
20160205	4629
20160206	151
20160207	92
20160208	5801
20160209	5716
20160210	5120
20160211	5851
20160212	4866
20160213	112
20160214	39
20160215	5455
20160216	5066
20160217	4514
20160218	4988
20160219	3998
20160220	293
20160221	92
20160222	6062
20160223	5470
20160224	5457
20160225	5536
20160226	5055
20160227	168
20160228	66
20160229	5917
20160301	5888
20160302	5369
20160303	5957
20160304	4729
20160305	302
20160306	55
20160307	5359
20160308	5357
20160309	4906
20160310	5839
20160311	4731
20160312	145
20160313	52
20160314	5953
20160315	5628
20160316	5379
20160317	5319
20160318	4343
20160319	125
20160320	95
20160321	6182
20160322	5441
20160323	5223
20160324	4782
20160325	83
20160326	85
20160327	60
20160328	48
20160329	5058
20160330	4871
20160331	5400
20160401	4535
20160402	120
20160403	73
20160404	5451
20160405	5104
20160406	4400
20160407	4910
20160408	4394
20160409	159
20160410	63
20160411	5619
20160412	5244
20160413	4565
20160414	5645
20160415	4882
20160416	206
20160417	34
20160418	5883
20160419	5259
20160420	5072
20160421	5432
20160422	4598
20160423	149
20160424	76
20160425	5965
20160426	5928
20160427	4806
20160428	6432
20160429	4400
20160430	105
20160501	62
20160502	82
20160503	5975
20160504	5229
20160505	5785
20160506	4687
20160507	158
20160508	91
20160509	5910
20160510	5906
20160511	4793
20160512	5871
20160513	4631
20160514	110
20160515	58
20160516	5887
20160517	5600
20160518	5273
20160519	5694
20160520	5066
20160521	242
20160522	133
20160523	5859
20160524	6127
20160525	3617
20160526	5955
20160527	4712
20160528	103
20160529	42
20160530	76
20160531	4933
20160601	4773
20160602	5721
20160603	4252
20160604	188
20160605	128
20160606	6130
20160607	5278
20160608	4846
20160609	5606
20160610	4864
20160611	120
20160612	52
20160613	5884
20160614	5323
20160615	5194
20160616	5889
20160617	5188
20160618	112
20160619	51
20160620	6339
20160621	5622
20160622	5522
20160623	5745
20160624	5793
20160625	123
20160626	89
20160627	6106
20160628	5239
20160629	5368
20160630	5470
20160701	4807
20160702	138
20160703	86
20160704	5531
20160705	6098
20160706	5234
20160707	5879
20160708	5011
20160709	204
20160710	26
20160711	6467
20160712	5887
20160713	5472
20160714	5248
20160715	5040
20160716	104
20160717	56
20160718	6133
20160719	6617
20160720	5308
20160721	5707
20160722	4664
20160723	145
20160724	71
20160725	5940
20160726	5527
20160727	5272
20160728	5167
20160729	4331
20160730	67
20160731	45
20160801	5555
20160802	5752
20160803	4958
20160804	4807
20160805	4610
20160806	108
20160807	66
20160808	5691
20160809	5178
20160810	5043
20160811	5459
20160812	4546
20160813	114
20160814	54
20160815	5391
20160816	5158
20160817	5091
20160818	4989
20160819	4175
20160820	160
20160821	64
20160822	5543
20160823	5520
20160824	5293
20160825	5223
20160826	4057
20160827	156
20160828	53
20160829	46
20160830	5746
20160831	5300
20160901	5813
20160902	5207
20160903	187
20160904	36
20160905	6314
20160906	6319
20160907	5402
20160908	5346
20160909	4669
20160910	166
20160911	67
20160912	6236
20160913	6292
20160914	5474
20160915	6156
20160916	4771
20160917	242
20160918	227
20160919	6256
20160920	7018
20160921	5361
20160922	5915
20160923	5382
20160924	581
20160925	62
20160926	6930
20160927	6668
20160928	5618
20160929	6493
20160930	5111
20161001	417
20161002	56
20161003	6931
20161004	6518
20161005	6832
20161006	6096
20161007	4955
20161008	1108
20161009	97
20161010	6950
20161011	6426
20161012	6776
20161013	6071
20161014	5521
20161015	334
20161016	90
20161017	7305
20161018	6489
20161019	5903
20161020	6668
20161021	5343
20161022	679
20161023	91
20161024	6118
20161025	5841
20161026	5663
20161027	5657
20161028	4811
20161029	130
20161030	112
20161031	7308
20161101	7337
20161102	5962
20161103	6567
20161104	5604
20161105	214
20161106	68
20161107	6385
20161108	6974
20161109	6121
20161110	6482
20161111	5641
20161112	212
20161113	61
20161114	7130
20161115	6696
20161116	5387
20161117	6227
20161118	5047
20161119	226
20161120	58
20161121	6637
20161122	5451
20161123	6282
20161124	6561
20161125	5019
20161126	210
20161127	89
20161128	6990
20161129	6406
20161130	5602
20161201	6399
20161202	4846
20161203	154
20161204	53
20161205	6625
20161206	6123
20161207	5639
20161208	5777
20161209	5175
20161210	175
20161211	51
20161212	6297
20161213	6395
20161214	5436
20161215	5795
20161216	5378
20161217	201
20161218	57
20161219	6529
20161220	6292
20161221	5415
20161222	5291
20161223	4118
20161224	109
20161225	54
20161226	59
20161227	77
20161228	4066
20161229	4711
20161230	3489
20161231	89
20170101	282
20170102	81
20170103	6462
20170104	5999
20170105	6306
20170106	5838
20170107	144
20170108	88
20170109	6896
20170110	7452
20170111	6368
20170112	6692
20170113	6199
20170114	207
20170115	96
20170116	7729
20170117	7367
20170118	6518
20170119	7465
20170120	6290
20170121	178
20170122	100
20170123	7629
20170124	7475
20170125	7142
20170126	7211
20170127	6105
20170128	171
20170129	86
20170130	7925
20170131	7367
20170201	6592
20170202	7418
20170203	6296
20170204	178
20170205	98
20170206	7486
20170207	7459
20170208	6597
20170209	6689
20170210	6238
20170211	354
20170212	99
20170213	7723
20170214	7079
20170215	6278
20170216	6756
20170217	6222
20170218	206
20170219	68
20170220	7164
20170221	6506
20170222	6171
20170223	5924
20170224	5082
20170225	196
20170226	54
20170227	7497
20170228	7574
20170301	7014
20170302	6898
20170303	5982
20170304	220
20170305	78
20170306	7083
20170307	7103
20170308	6539
20170309	6917
20170310	6177
20170311	240
20170312	95
20170313	7968
20170314	6959
20170315	6851
20170316	6753
20170317	6058
20170318	258
20170319	80
20170320	7396
20170321	6824
20170322	6719
20170323	6525
20170324	5471
20170325	279
20170326	64
20170327	7494
20170328	6623
20170329	6371
20170330	7031
20170331	5381
20170401	316
20170402	66
20170403	6502
20170404	6749
20170405	5931
20170406	6314
20170407	4676
20170408	154
20170409	81
20170410	6865
20170411	6523
20170412	4927
20170413	5347
20170414	98
20170415	100
20170416	54
20170417	90
20170418	6309
20170419	5902
20170420	6824
20170421	5660
20170422	153
20170423	111
20170424	7706
20170425	6981
20170426	5864
20170427	6244
20170428	5691
20170429	185
20170430	92
20170501	158
20170502	7264
20170503	6406
20170504	6573
20170505	9358
20170506	279
20170507	94
20170508	7218
20170509	7533
20170510	6226
20170511	6146
20170512	5625
20170513	138
20170514	56
20170515	6862
20170516	6682
20170517	6185
20170518	6406
20170519	5775
20170520	189
20170521	68
20170522	6709
20170523	6504
20170524	5705
20170525	6458
20170526	4956
20170527	152
20170528	66
20170529	72
20170530	5717
20170531	5268
20170601	5974
20170602	5000
20170603	143
20170604	74
20170605	7045
20170606	6818
20170607	5726
20170608	5473
20170609	5524
20170610	221
20170611	80
20170612	7036
20170613	6253
20170614	6064
20170615	6785
20170616	5973
20170617	288
20170618	99
20170619	6816
20170620	6873
20170621	5525
20170622	6591
20170623	5587
20170624	235
20170625	80
20170626	7454
20170627	6997
20170628	5705
20170629	7011
20170630	5756
20170701	245
20170702	85
20170703	7573
20170704	7290
20170705	5829
20170706	6122
20170707	5490
20170708	155
20170709	55
20170710	7224
20170711	7480
20170712	6331
20170713	6734
20170714	5708
20170715	283
20170716	93
20170717	8033
20170718	7442
20170719	6655
20170720	7492
20170721	6343
20170722	154
20170723	85
20170724	6809
20170725	7358
20170726	5637
20170727	6516
20170728	5727
20170729	176
20170730	92
20170731	7768
20170801	6914
20170802	6291
20170803	6953
20170804	5518
20170805	158
20170806	79
20170807	6460
20170808	7175
20170809	6351
20170810	6497
20170811	5993
20170812	235
20170813	68
20170814	6956
20170815	6946
20170816	6308
20170817	6716
20170818	5439
20170819	290
20170820	104
20170821	7303
20170822	7092
20170823	6927
20170824	6489
20170825	5895
20170826	185
20170827	112
20170828	92
20170829	6267
20170830	6507
20170831	6666
20170901	7084
20170902	187
20170903	107
20170904	7703
20170905	7817
20170906	6125
20170907	7545
20170908	5915
20170909	232
20170910	90
20170911	7023
20170912	7546
20170913	5784
20170914	7235
20170915	5734
20170916	1198
20170917	784
20170918	8637
20170919	7288
20170920	7161
20170921	8204
20170922	6784
20170923	933
20170924	107
20170925	7730
20170926	8732
20170927	6752
20170928	7643
20170929	6343
20170930	589
20171001	515
20171002	7661
20171003	7933
20171004	6442
20171005	7140
20171006	6474
20171007	927
20171008	149
20171009	7653
20171010	7651
20171011	6298
20171012	6711
20171013	5883
20171014	202
20171015	67
20171016	7826
20171017	7819
20171018	6591
20171019	7245
20171020	5833
20171021	201
20171022	84
20171023	6936
20171024	6533
20171025	6185
20171026	6426
20171027	5739
20171028	217
20171029	104
20171030	7584
20171031	7456
20171101	6481
20171102	6984
20171103	5786
20171104	230
20171105	107
20171106	7520
20171107	6624
20171108	6042
20171109	6959
20171110	5995
20171111	189
20171112	108
20171113	7387
20171114	7606
20171115	6526
20171116	7232
20171117	6150
20171118	122
20171119	134
20171120	8098
20171121	7532
20171122	6519
20171123	6692
20171124	5754
20171125	120
20171126	108
20171127	8389
20171128	7665
20171129	6499
20171130	7274
20171201	5540
20171202	255
20171203	86
20171204	7400
20171205	7247
20171206	6505
20171207	6394
20171208	8740
20171209	5243
20171210	111
20171211	7200
20171212	6855
20171213	6357
20171214	6960
20171215	5533
20171216	113
20171217	97
20171218	7816
20171219	7529
20171220	6190
20171221	6334
20171222	4548
20171223	140
20171224	81
20171225	57
20171226	62
20171227	4930
20171228	4841
20171229	3826
20171230	96
20171231	136
20180101	293
20180102	6753
20180103	6467
20180104	6410
20180105	5783
20180106	178
20180107	94
20180108	8600
20180109	8250
20180110	7441
20180111	7222
20180112	6939
20180113	228
20180114	117
20180115	8756
20180116	8537
20180117	7234
20180118	7412
20180119	6963
20180120	130
20180121	141
20180122	8803
20180123	8487
20180124	7218
20180125	7337
20180126	6748
20180127	150
20180128	134
20180129	10191
20180130	8471
20180131	7837
20180201	8230
20180202	6533
20180203	159
20180204	124
20180205	8034
20180206	7956
20180207	11061
20180208	7970
20180209	6478
20180210	167
20180211	100
20180212	7531
20180213	7438
20180214	7110
20180215	7763
20180216	6540
20180217	174
20180218	147
20180219	7794
20180220	7498
20180221	6408
20180222	7097
20180223	6350
20180224	160
20180225	108
20180226	7690
20180227	7310
20180228	6198
20180301	6460
20180302	5889
20180303	188
20180304	213
20180305	8254
20180306	7722
20180307	6809
20180308	7277
20180309	6607
20180310	176
20180311	96
20180312	8644
20180313	8271
20180314	7059
20180315	8011
20180316	6472
20180317	166
20180318	88
20180319	8288
20180320	8630
20180321	6399
20180322	7831
20180323	5865
20180324	163
20180325	127
20180326	7966
20180327	7056
20180328	5446
20180329	6169
20180330	118
20180331	112
20180401	186
20180402	126
20180403	7105
20180404	6349
20180405	6428
20180406	5745
20180407	155
20180408	106
20180409	7478
20180410	7289
20180411	6502
20180412	7908
20180413	6783
20180414	134
20180415	77
20180416	8426
20180417	7910
20180418	6866
20180419	7478
20180420	6317
20180421	303
20180422	103
20180423	7719
20180424	8078
20180425	7217
20180426	8033
20180427	6663
20180428	149
20180429	112
20180430	8722
20180501	8770
20180502	7740
20180503	7762
20180504	6328
20180505	136
20180506	98
20180507	92
20180508	7676
20180509	7351
20180510	12096
20180511	13011
20180512	127
20180513	112
20180514	8144
20180515	7629
20180516	6899
20180517	8194
20180518	6353
20180519	241
20180520	124
20180521	8207
20180522	6532
20180523	6995
20180524	7352
20180525	5922
20180526	150
20180527	110
20180528	112
20180529	7065
20180530	6580
20180531	7574
20180601	5746
20180602	165
20180603	111
20180604	8261
20180605	8376
20180606	7055
20180607	7544
20180608	5884
20180609	189
20180610	94
20180611	7579
20180612	7646
20180613	6635
20180614	8709
20180615	5103
20180616	179
20180617	111
20180618	8476
20180619	7816
20180620	6849
20180621	7139
20180622	5824
20180623	195
20180624	88
20180625	7401
20180626	8295
20180627	6635
20180628	6979
20180629	5615
20180630	183
20180701	147
20180702	7385
20180703	7547
20180704	6586
20180705	7123
20180706	4926
20180707	159
20180708	94
20180709	7502
20180710	7831
20180711	8581
20180712	15715
20180713	6489
20180714	167
20180715	139
20180716	7774
20180717	7719
20180718	6747
20180719	6795
20180720	5653
20180721	261
20180722	107
20180723	7785
20180724	7456
20180725	6469
20180726	7094
20180727	5074
20180728	255
20180729	126
20180730	7942
20180731	7491
20180801	7056
20180802	6817
20180803	5857
20180804	197
20180805	132
20180806	7922
20180807	7474
20180808	6639
20180809	7536
20180810	5819
20180811	281
20180812	109
20180813	7324
20180814	6635
20180815	6521
20180816	6504
20180817	5394
20180818	311
20180819	104
20180820	7154
20180821	7328
20180822	6434
20180823	6851
20180824	5040
20180825	221
20180826	79
20180827	73
20180828	6462
20180829	6645
20180830	6807
20180831	5314
20180901	287
20180902	119
20180903	7686
20180904	7692
20180905	6538
20180906	7413
20180907	6460
20180908	232
20180909	170
20180910	7933
20180911	7960
20180912	6868
20180913	8234
20180914	6752
20180915	788
20180916	339
20180917	8708
20180918	8754
20180919	7744
20180920	7388
20180921	6158
20180922	347
20180923	91
20180924	8166
20180925	8119
20180926	7171
20180927	7805
20180928	6236
20180929	259
20180930	133
20181001	7553
20181002	7360
20181003	7267
20181004	7701
20181005	6611
20181006	206
20181007	110
20181008	8579
20181009	8326
20181010	7463
20181011	7852
20181012	7543
20181013	301
20181014	117
20181015	8635
20181016	8563
20181017	7480
20181018	8635
20181019	6956
20181020	177
20181021	201
20181022	7833
20181023	7791
20181024	7353
20181025	7616
20181026	6872
20181027	174
20181028	148
20181029	8556
20181030	8417
20181031	7946
20181101	7756
20181102	6845
20181103	208
20181104	163
20181105	8602
20181106	8365
20181107	7310
20181108	8015
20181109	7235
20181110	215
20181111	201
20181112	9017
20181113	8215
20181114	7678
20181115	7840
20181116	6504
20181117	176
20181118	239
20181119	7589
20181120	8017
20181121	8457
20181122	8016
20181123	6426
20181124	646
20181125	158
20181126	8731
20181127	5716
20181128	7739
20181129	8075
20181130	6290
20181201	190
20181202	141
20181203	8522
20181204	8710
20181205	8321
20181206	8626
20181207	6746
20181208	406
20181209	102
20181210	8632
20181211	8078
20181212	8165
20181213	7483
20181214	5982
20181215	395
20181216	145
20181217	8925
20181218	8410
20181219	7286
20181220	7892
20181221	6186
20181222	190
20181223	122
20181224	5009
20181225	36
20181226	84
20181227	5353
20181228	4993
20181229	118
20181230	77
20181231	4967
20190101	190
20190102	6051
20190103	7620
20190104	7906
20190105	193
20190106	203
20190107	10214
20190108	9295
20190109	8692
20190110	9155
20190111	8744
20190112	213
20190113	181
20190114	9534
20190115	9491
20190116	8780
20190117	8962
20190118	8018
20190119	161
20190120	130
20190121	9509
20190122	9245
20190123	8686
20190124	8262
20190125	7496
20190126	244
20190127	126
20190128	9475
20190129	9409
20190130	6799
20190131	8489
20190201	7379
20190202	193
20190203	93
20190204	9152
20190205	8639
20190206	8267
20190207	8217
20190208	6704
20190209	260
20190210	156
20190211	9582
20190212	8984
20190213	8527
20190214	8816
20190215	7088
20190216	176
20190217	109
20190218	7804
20190219	8019
20190220	7684
20190221	7303
20190222	6643
20190223	157
20190224	128
20190225	9092
20190226	8203
20190227	7999
20190228	8081
20190301	6839
20190302	204
20190303	145
20190304	8668
20190305	8573
20190306	7719
20190307	8243
20190308	6440
20190309	185
20190310	128
20190311	8811
20190312	8484
20190313	7661
20190314	7984
20190315	5876
20190316	150
20190317	126
20190318	7496
20190319	8047
20190320	7488
20190321	8216
20190322	6471
20190323	189
20190324	144
20190325	7726
20190326	8213
20190327	7101
20190328	7574
20190329	6342
20190330	203
20190331	99
20190401	9058
20190402	8924
20190403	7837
20190404	8319
20190405	6884
20190406	165
20190407	162
20190408	8768
20190409	8641
20190410	7405
20190411	7586
20190412	6552
20190413	218
20190414	129
20190415	8555
20190416	8572
20190417	8085
20190418	7843
20190419	111
20190420	114
20190421	93
20190422	146
20190423	7736
20190424	7128
20190425	8024
20190426	6696
20190427	238
20190428	133
20190429	8882
20190430	8750
20190501	7678
20190502	8160
20190503	6130
20190504	208
20190505	134
20190506	105
20190507	10012
20190508	7802
20190509	8315
20190510	6995
20190511	245
20190512	166
20190513	9073
20190514	8486
20190515	8338
20190516	8436
20190517	8000
20190518	230
20190519	156
20190520	9655
20190521	7189
20190522	8345
20190523	8887
20190524	7167
20190525	218
20190526	182
20190527	112
20190528	7425
20190529	5658
20190530	7394
20190531	6361
20190601	256
20190602	120
20190603	8866
20190604	8294
20190605	8262
20190606	8324
20190607	6716
20190608	245
20190609	144
20190610	8974
20190611	8449
20190612	7940
20190613	8448
20190614	6368
20190615	175
20190616	155
20190617	8898
20190618	8919
20190619	8877
20190620	8662
20190621	16104
20190622	269
20190623	163
20190624	9850
20190625	8771
20190626	8000
20190627	7723
20190628	6389
20190629	191
20190630	170
20190701	8732
20190702	8643
20190703	8597
20190704	8548
20190705	6753
20190706	237
20190707	168
20190708	9072
20190709	7673
20190710	8111
20190711	7662
20190712	7037
20190713	229
20190714	145
20190715	8934
20190716	8436
20190717	7890
20190718	8050
20190719	6415
20190720	287
20190721	143
20190722	7901
20190723	8148
20190724	6663
20190725	6542
20190726	5667
20190727	189
20190728	109
20190729	8572
20190730	8107
20190731	6724
20190801	7835
20190802	6374
20190803	277
20190804	172
20190805	7930
20190806	8318
20190807	6935
20190808	8166
20190809	6875
20190810	243
20190811	132
20190812	8387
20190813	8538
20190814	7666
20190815	7427
20190816	6824
20190817	136
20190818	89
20190819	8659
20190820	8415
20190821	7841
20190822	6688
20190823	5733
20190824	776
20190825	131
20190826	154
20190827	7827
20190828	7187
20190829	7575
20190830	6513
20190831	189
20190901	251
20190902	8138
20190903	9184
20190904	7886
20190905	7900
20190906	6761
20190907	298
20190908	111
20190909	9174
20190910	8360
20190911	7678
20190912	7665
20190913	6679
20190914	817
20190915	448
20190916	10318
20190917	9948
20190918	8073
20190919	8733
20190920	7457
20190921	703
20190922	152
20190923	8741
20190924	8310
20190925	8373
20190926	8473
20190927	6719
20190928	929
20190929	205
20190930	9204
20191001	8409
20191002	8389
20191003	8098
20191004	6621
20191005	260
20191006	163
20191007	8607
20191008	8770
20191009	7618
20191010	8201
20191011	7010
20191012	271
20191013	139
20191014	9090
20191015	8422
20191016	7603
20191017	8334
20191018	7262
20191019	368
20191020	185
20191021	8102
20191022	7706
20191023	7117
20191024	7297
20191025	5708
20191026	233
20191027	146
20191028	8219
20191029	8410
20191030	7290
20191031	8310
20191101	7094
20191102	251
20191103	155
20191104	9634
20191105	7683
20191106	8100
20191107	7320
20191108	7493
20191109	441
20191110	154
20191111	9184
20191112	8670
20191113	7781
20191114	8975
20191115	7489
20191116	433
20191117	162
20191118	8359
20191119	9253
20191120	8192
20191121	7924
20191122	7564
20191123	240
20191124	172
20191125	9736
20191126	9428
20191127	8232
20191128	8424
20191129	7139
20191130	325
20191201	202
20191202	8762
20191203	8203
20191204	7614
20191205	8326
20191206	7665
20191207	199
20191208	203
20191209	9145
20191210	8805
20191211	6558
20191212	8004
20191213	6667
20191214	300
20191215	175
20191216	8847
20191217	9169
20191218	7513
20191219	9056
20191220	7546
20191221	221
20191222	171
20191223	7107
20191224	4087
20191225	79
20191226	101
20191227	4885
20191228	183
20191229	166
20191230	6955
20191231	5517
20200101	166
20200102	6420
20200103	6695
20200104	179
20200105	101
20200106	9064
20200107	8825
20200108	8004
20200109	8720
20200110	7948
20200111	583
20200112	221
20200113	9525
20200114	9203
20200115	7849
20200116	9327
20200117	7869
20200118	275
20200119	199
20200120	9594
20200121	8899
20200122	8443
20200123	8600
20200124	7792
20200125	465
20200126	195
20200127	10038
20200128	8145
20200129	8259
20200130	8615
20200131	7166
20200201	226
20200202	223
20200203	9811
20200204	9846
20200205	8521
20200206	7893
20200207	7115
20200208	218
20200209	123
20200210	9027
20200211	8043
20200212	8068
20200213	8319
20200214	7360
20200215	335
20200216	183
20200217	8924
20200218	8564
20200219	7636
20200220	8313
20200221	6425
20200222	272
20200223	149
20200224	9590
20200225	8617
20200226	7925
20200227	8809
20200228	7368
20200229	605
20200301	142
20200302	9101
20200303	8726
20200304	7481
20200305	8169
20200306	6887
20200307	349
20200308	133
20200309	9660
20200310	7627
20200311	7322
20200312	6648
20200313	4662
20200314	345
20200315	94
20200316	4039
20200317	3587
20200318	2791
20200319	2579
20200320	2199
20200321	74
20200322	41
20200323	2369
20200324	1900
20200325	1990
20200326	1603
20200327	1431
20200328	79
20200329	97
20200330	1678
20200331	1599
20200401	1873
20200402	1809
20200403	1326
20200404	70
20200405	53
20200406	1724
20200407	1940
20200408	1668
20200409	1759
20200410	705
20200411	315
20200412	172
20200413	709
20200414	2015
20200415	1696
20200416	1885
20200417	1427
20200418	85
20200419	149
20200420	2137
20200421	2075
20200422	1718
20200423	2215
20200424	2377
20200425	76
20200426	93
20200427	2256
20200428	2873
20200429	2966
20200430	3322
20200501	2019
20200502	67
20200503	87
20200504	4181
20200505	2372
20200506	2084
20200507	2123
20200508	506
20200509	84
20200510	94
20200511	3097
20200512	2641
20200513	2113
20200514	2553
20200515	1950
20200516	102
20200517	105
20200518	7554
20200519	2398
20200520	2183
20200521	2424
20200522	1980
20200523	71
20200524	77
20200525	63
20200526	2828
20200527	1788
20200528	2439
20200529	1882
20200530	96
20200531	73
20200601	2735
20200602	2245
20200603	2179
20200604	2325
20200605	2077
20200606	81
20200607	85
20200608	2788
20200609	2345
20200610	2365
20200611	2514
20200612	2083
20200613	33
20200614	41
20200615	2663
20200616	2200
20200617	1636
20200618	855
20200621	1
20200623	1
20200627	2
20200628	1
20200701	1
20200703	1
20200717	1
20200720	1
20200721	1
20200731	1
20200802	1
20200804	1
20200807	1
20200808	1
20200811	1
20200813	1
20200814	1
20200817	1
20200818	1
20200820	1
20200821	1
20200828	1
20200831	1
20200901	1
20200916	2
20201001	1
20201006	1
20201020	1
20201107	1
20201119	1
20210101	1
20210113	1
20210217	1
20210310	1
20240101	1
20300101	1
20640101	4
20650101	6
20680101	5
20730101	1
20750101	1
20760101	8
20770101	1
20780909	1
20790101	5
20800101	4
20820914	1
20850101	4
20900101	4
20930910	3
20930921	1
20930924	1
20940101	1
20950101	1
20990626	1