20100102	41
20100103	30
20100104	1118
20100105	414
20100106	585
20100107	710
20100108	769
20100109	58
20100110	49
20100111	1055
20100112	938
20100113	823
20100114	869
20100115	826
20100116	51
20100117	45
20100118	1082
20100119	1003
20100120	780
20100121	748
20100122	857
20100123	47
20100124	38
20100125	1045
20100126	996
20100127	852
20100128	865
20100129	896
20100130	60
20100131	32
20100201	1159
20100202	1018
20100203	821
20100204	885
20100205	957
20100206	40
20100207	31
20100208	1145
20100209	1038
20100210	861
20100211	888
20100212	869
20100213	55
20100214	46
20100215	1098
20100216	984
20100217	858
20100218	873
20100219	840
20100220	93
20100221	33
20100222	1153
20100223	997
20100224	855
20100225	875
20100226	926
20100227	61
20100228	32
20100301	1188
20100302	1035
20100303	828
20100304	907
20100305	883
20100306	46
20100307	41
20100308	1089
20100309	963
20100310	877
20100311	854
20100312	887
20100313	64
20100314	42
20100315	1120
20100316	967
20100317	907
20100318	870
20100319	914
20100320	57
20100321	40
20100322	1029
20100323	947
20100324	854
20100325	903
20100326	849
20100327	71
20100328	56
20100329	1041
20100330	1004
20100331	850
20100401	916
20100402	46
20100403	39
20100404	51
20100405	33
20100406	1049
20100407	901
20100408	955
20100409	890
20100410	86
20100411	29
20100412	1184
20100413	940
20100414	974
20100415	924
20100416	910
20100417	66
20100418	41
20100419	1155
20100420	968
20100421	945
20100422	942
20100423	981
20100424	68
20100425	56
20100426	1283
20100427	988
20100428	951
20100429	962
20100430	947
20100501	105
20100502	33
20100503	46
20100504	1106
20100505	912
20100506	968
20100507	950
20100508	66
20100509	33
20100510	1174
20100511	1012
20100512	949
20100513	943
20100514	990
20100515	66
20100516	35
20100517	1167
20100518	986
20100519	921
20100520	837
20100521	862
20100522	87
20100523	46
20100524	1094
20100525	989
20100526	905
20100527	903
20100528	808
20100529	56
20100530	41
20100531	44
20100601	1070
20100602	918
20100603	956
20100604	835
20100605	73
20100606	45
20100607	1059
20100608	980
20100609	868
20100610	860
20100611	906
20100612	71
20100613	50
20100614	1098
20100615	968
20100616	858
20100617	926
20100618	885
20100619	90
20100620	27
20100621	1048
20100622	954
20100623	799
20100624	901
20100625	866
20100626	68
20100627	39
20100628	1111
20100629	912
20100630	865
20100701	988
20100702	891
20100703	58
20100704	46
20100705	1145
20100706	938
20100707	800
20100708	831
20100709	802
20100710	49
20100711	41
20100712	1053
20100713	953
20100714	891
20100715	785
20100716	857
20100717	60
20100718	52
20100719	1000
20100720	959
20100721	805
20100722	884
20100723	782
20100724	51
20100725	63
20100726	1029
20100727	910
20100728	804
20100729	824
20100730	799
20100731	79
20100801	97
20100802	914
20100803	903
20100804	730
20100805	798
20100806	739
20100807	71
20100808	46
20100809	941
20100810	831
20100811	820
20100812	845
20100813	776
20100814	69
20100815	39
20100816	992
20100817	898
20100818	809
20100819	790
20100820	808
20100821	46
20100822	45
20100823	935
20100824	867
20100825	751
20100826	814
20100827	742
20100828	42
20100829	41
20100830	34
20100831	984
20100901	852
20100902	894
20100903	906
20100904	64
20100905	56
20100906	1127
20100907	968
20100908	842
20100909	889
20100910	763
20100911	52
20100912	44
20100913	1105
20100914	928
20100915	800
20100916	899
20100917	861
20100918	46
20100919	45
20100920	1013
20100921	1021
20100922	771
20100923	782
20100924	848
20100925	64
20100926	45
20100927	1092
20100928	934
20100929	843
20100930	883
20101001	896
20101002	65
20101003	48
20101004	1125
20101005	945
20101006	823
20101007	934
20101008	902
20101009	63
20101010	49
20101011	1145
20101012	858
20101013	814
20101014	926
20101015	874
20101016	83
20101017	37
20101018	1112
20101019	1025
20101020	838
20101021	892
20101022	932
20101023	53
20101024	61
20101025	1018
20101026	966
20101027	813
20101028	781
20101029	776
20101030	90
20101031	45
20101101	1130
20101102	955
20101103	864
20101104	907
20101105	951
20101106	57
20101107	36
20101108	1148
20101109	983
20101110	846
20101111	924
20101112	941
20101113	101
20101114	49
20101115	1120
20101116	1008
20101117	831
20101118	915
20101119	880
20101120	67
20101121	43
20101122	1205
20101123	954
20101124	901
20101125	829
20101126	931
20101127	56
20101128	36
20101129	1104
20101130	906
20101201	843
20101202	887
20101203	903
20101204	63
20101205	55
20101206	1174
20101207	1042
20101208	911
20101209	1012
20101210	949
20101211	74
20101212	59
20101213	1299
20101214	1268
20101215	991
20101216	1039
20101217	1047
20101218	51
20101219	52
20101220	1238
20101221	1026
20101222	933
20101223	898
20101224	525
20101225	22
20101226	60
20101227	44
20101228	61
20101229	994
20101230	945
20101231	671
20110101	836
20110102	39
20110103	57
20110104	1184
20110105	1005
20110106	1075
20110107	1015
20110108	75
20110109	31
20110110	1265
20110111	1084
20110112	956
20110113	961
20110114	943
20110115	77
20110116	33
20110117	1232
20110118	1015
20110119	955
20110120	972
20110121	896
20110122	56
20110123	44
20110124	1256
20110125	1004
20110126	885
20110127	905
20110128	932
20110129	57
20110130	44
20110131	1224
20110201	1138
20110202	881
20110203	986
20110204	952
20110205	73
20110206	48
20110207	1166
20110208	1039
20110209	895
20110210	972
20110211	956
20110212	54
20110213	38
20110214	1089
20110215	1029
20110216	929
20110217	919
20110218	857
20110219	49
20110220	32
20110221	1110
20110222	983
20110223	891
20110224	921
20110225	913
20110226	59
20110227	57
20110228	1161
20110301	1078
20110302	830
20110303	937
20110304	902
20110305	87
20110306	46
20110307	1270
20110308	1038
20110309	916
20110310	973
20110311	1037
20110312	78
20110313	59
20110314	1255
20110315	1113
20110316	974
20110317	939
20110318	990
20110319	78
20110320	47
20110321	1230
20110322	1080
20110323	873
20110324	958
20110325	952
20110326	73
20110327	45
20110328	1195
20110329	1129
20110330	882
20110331	940
20110401	915
20110402	74
20110403	43
20110404	1125
20110405	999
20110406	855
20110407	946
20110408	864
20110409	88
20110410	65
20110411	1181
20110412	1035
20110413	850
20110414	960
20110415	967
20110416	69
20110417	57
20110418	1107
20110419	1018
20110420	883
20110421	898
20110422	47
20110423	46
20110424	40
20110425	54
20110426	1103
20110427	945
20110428	930
20110429	54
20110430	68
20110501	114
20110502	48
20110503	1136
20110504	888
20110505	968
20110506	883
20110507	66
20110508	51
20110509	1191
20110510	956
20110511	867
20110512	934
20110513	980
20110514	61
20110515	35
20110516	1163
20110517	981
20110518	938
20110519	921
20110520	942
20110521	63
20110522	53
20110523	1174
20110524	1006
20110525	854
20110526	978
20110527	909
20110528	53
20110529	31
20110530	36
20110531	1034
20110601	899
20110602	1031
20110603	878
20110604	67
20110605	49
20110606	1194
20110607	1040
20110608	896
20110609	938
20110610	869
20110611	47
20110612	42
20110613	1116
20110614	1105
20110615	923
20110616	891
20110617	891
20110618	81
20110619	56
20110620	1174
20110621	1017
20110622	917
20110623	870
20110624	882
20110625	69
20110626	40
20110627	1095
20110628	1017
20110629	871
20110630	926
20110701	925
20110702	56
20110703	51
20110704	1132
20110705	1065
20110706	832
20110707	919
20110708	831
20110709	71
20110710	40
20110711	1045
20110712	1014
20110713	825
20110714	819
20110715	926
20110716	68
20110717	30
20110718	1003
20110719	940
20110720	805
20110721	845
20110722	843
20110723	50
20110724	31
20110725	1053
20110726	924
20110727	872
20110728	789
20110729	823
20110730	43
20110731	52
20110801	1091
20110802	968
20110803	871
20110804	832
20110805	810
20110806	62
20110807	39
20110808	1005
20110809	925
20110810	816
20110811	868
20110812	821
20110813	53
20110814	35
20110815	989
20110816	939
20110817	868
20110818	924
20110819	856
20110820	60
20110821	39
20110822	1030
20110823	903
20110824	832
20110825	862
20110826	754
20110827	49
20110828	38
20110829	35
20110830	977
20110831	812
20110901	890
20110902	818
20110903	62
20110904	31
20110905	1095
20110906	963
20110907	898
20110908	830
20110909	859
20110910	57
20110911	34
20110912	1117
20110913	884
20110914	874
20110915	856
20110916	820
20110917	28
20110918	27
20110919	1000
20110920	1001
20110921	882
20110922	908
20110923	904
20110924	46
20110925	29
20110926	1053
20110927	1074
20110928	894
20110929	804
20110930	904
20111001	112
20111002	37
20111003	1188
20111004	1036
20111005	925
20111006	922
20111007	877
20111008	54
20111009	48
20111010	1142
20111011	978
20111012	891
20111013	899
20111014	891
20111015	70
20111016	33
20111017	1083
20111018	1040
20111019	864
20111020	806
20111021	843
20111022	66
20111023	33
20111024	977
20111025	952
20111026	823
20111027	793
20111028	813
20111029	65
20111030	31
20111031	1096
20111101	1015
20111102	945
20111103	881
20111104	973
20111105	70
20111106	35
20111107	1110
20111108	962
20111109	960
20111110	957
20111111	968
20111112	62
20111113	38
20111114	1257
20111115	1058
20111116	920
20111117	1006
20111118	932
20111119	81
20111120	62
20111121	1190
20111122	1043
20111123	958
20111124	980
20111125	935
20111126	62
20111127	45
20111128	1114
20111129	1093
20111130	876
20111201	1019
20111202	887
20111203	58
20111204	47
20111205	1085
20111206	955
20111207	807
20111208	924
20111209	950
20111210	56
20111211	51
20111212	1202
20111213	1087
20111214	891
20111215	879
20111216	865
20111217	75
20111218	40
20111219	1152
20111220	1005
20111221	850
20111222	868
20111223	763
20111224	36
20111225	23
20111226	47
20111227	66
20111228	880
20111229	814
20111230	745
20111231	52
20120101	855
20120102	52
20120103	1136
20120104	966
20120105	1016
20120106	955
20120107	79
20120108	41
20120109	1195
20120110	1143
20120111	945
20120112	994
20120113	1000
20120114	78
20120115	39
20120116	1199
20120117	1049
20120118	856
20120119	999
20120120	981
20120121	72
20120122	46
20120123	1255
20120124	1073
20120125	957
20120126	966
20120127	991
20120128	84
20120129	68
20120130	1257
20120131	1098
20120201	1059
20120202	964
20120203	994
20120204	61
20120205	26
20120206	1288
20120207	1142
20120208	965
20120209	1011
20120210	971
20120211	63
20120212	50
20120213	1225
20120214	1025
20120215	922
20120216	937
20120217	968
20120218	75
20120219	48
20120220	1195
20120221	1029
20120222	979
20120223	944
20120224	1004
20120225	76
20120226	46
20120227	1164
20120228	1132
20120229	964
20120301	1049
20120302	1042
20120303	72
20120304	29
20120305	1252
20120306	1112
20120307	956
20120308	985
20120309	1036
20120310	89
20120311	54
20120312	1189
20120313	1093
20120314	870
20120315	967
20120316	955
20120317	73
20120318	46
20120319	1220
20120320	1070
20120321	974
20120322	940
20120323	980
20120324	81
20120325	62
20120326	1238
20120327	1048
20120328	927
20120329	966
20120330	941
20120331	80
20120401	112
20120402	1202
20120403	1074
20120404	893
20120405	975
20120406	52
20120407	44
20120408	38
20120409	56
20120410	954
20120411	1019
20120412	942
20120413	866
20120414	77
20120415	52
20120416	1196
20120417	1145
20120418	1001
20120419	1030
20120420	1010
20120421	94
20120422	62
20120423	1195
20120424	1111
20120425	918
20120426	972
20120427	954
20120428	51
20120429	45
20120430	1188
20120501	1179
20120502	979
20120503	1050
20120504	968
20120505	73
20120506	51
20120507	63
20120508	1244
20120509	1054
20120510	967
20120511	982
20120512	91
20120513	51
20120514	1188
20120515	1131
20120516	997
20120517	1009
20120518	1073
20120519	58
20120520	43
20120521	1138
20120522	1104
20120523	988
20120524	976
20120525	921
20120526	69
20120527	54
20120528	1208
20120529	1126
20120530	967
20120531	949
20120601	993
20120602	42
20120603	29
20120604	59
20120605	44
20120606	992
20120607	981
20120608	953
20120609	67
20120610	38
20120611	1158
20120612	1100
20120613	984
20120614	958
20120615	962
20120616	71
20120617	23
20120618	1239
20120619	1081
20120620	1036
20120621	788
20120622	973
20120623	65
20120624	35
20120625	1100
20120626	1066
20120627	975
20120628	944
20120629	902
20120630	62
20120701	122
20120702	1145
20120703	1075
20120704	961
20120705	996
20120706	884
20120707	68
20120708	47
20120709	1172
20120710	1153
20120711	909
20120712	988
20120713	874
20120714	54
20120715	50
20120716	1180
20120717	1103
20120718	810
20120719	964
20120720	954
20120721	54
20120722	43
20120723	1185
20120724	1056
20120725	916
20120726	919
20120727	939
20120728	65
20120729	49
20120730	1113
20120731	1117
20120801	977
20120802	928
20120803	872
20120804	46
20120805	54
20120806	1075
20120807	998
20120808	846
20120809	854
20120810	824
20120811	70
20120812	61
20120813	1081
20120814	996
20120815	872
20120816	917
20120817	882
20120818	72
20120819	33
20120820	1068
20120821	1044
20120822	867
20120823	919
20120824	808
20120825	61
20120826	32
20120827	49
20120828	1064
20120829	892
20120830	1012
20120831	844
20120901	113
20120902	48
20120903	1109
20120904	1051
20120905	1041
20120906	944
20120907	944
20120908	54
20120909	44
20120910	1066
20120911	1088
20120912	958
20120913	951
20120914	877
20120915	50
20120916	43
20120917	1143
20120918	1008
20120919	1026
20120920	981
20120921	1011
20120922	65
20120923	42
20120924	1157
20120925	1105
20120926	913
20120927	838
20120928	909
20120929	85
20120930	48
20121001	1291
20121002	1059
20121003	976
20121004	966
20121005	973
20121006	61
20121007	45
20121008	1246
20121009	1221
20121010	1009
20121011	1006
20121012	993
20121013	75
20121014	49
20121015	1284
20121016	1123
20121017	971
20121018	1071
20121019	945
20121020	76
20121021	34
20121022	1170
20121023	1098
20121024	990
20121025	959
20121026	952
20121027	60
20121028	47
20121029	1190
20121030	1033
20121031	982
20121101	1031
20121102	877
20121103	64
20121104	56
20121105	1181
20121106	1107
20121107	966
20121108	1036
20121109	1028
20121110	65
20121111	48
20121112	1289
20121113	1178
20121114	980
20121115	978
20121116	941
20121117	75
20121118	51
20121119	1212
20121120	1016
20121121	1013
20121122	1048
20121123	916
20121124	73
20121125	47
20121126	1333
20121127	1141
20121128	969
20121129	938
20121130	898
20121201	137
20121202	46
20121203	1238
20121204	1142
20121205	986
20121206	1094
20121207	939
20121208	82
20121209	43
20121210	1290
20121211	1126
20121212	914
20121213	1004
20121214	923
20121215	75
20121216	44
20121217	1278
20121218	1196
20121219	1001
20121220	1074
20121221	942
20121222	58
20121223	54
20121224	729
20121225	32
20121226	31
20121227	978
20121228	930
20121229	54
20121230	41
20121231	922
20130101	795
20130102	999
20130103	1097
20130104	1076
20130105	61
20130106	54
20130107	1363
20130108	1138
20130109	1042
20130110	1080
20130111	1049
20130112	58
20130113	44
20130114	1271
20130115	1150
20130116	933
20130117	1072
20130118	917
20130119	81
20130120	50
20130121	1285
20130122	1157
20130123	1048
20130124	1075
20130125	972
20130126	44
20130127	61
20130128	1327
20130129	1218
20130130	1032
20130131	1049
20130201	1132
20130202	67
20130203	40
20130204	1310
20130205	1110
20130206	970
20130207	1074
20130208	1063
20130209	63
20130210	62
20130211	1236
20130212	1106
20130213	980
20130214	999
20130215	927
20130216	64
20130217	52
20130218	1290
20130219	1162
20130220	993
20130221	1075
20130222	971
20130223	81
20130224	35
20130225	1270
20130226	1146
20130227	1021
20130228	1145
20130301	1088
20130302	78
20130303	53
20130304	1338
20130305	1103
20130306	1001
20130307	1005
20130308	969
20130309	87
20130310	57
20130311	1184
20130312	1175
20130313	992
20130314	1065
20130315	999
20130316	77
20130317	50
20130318	1311
20130319	1081
20130320	991
20130321	996
20130322	937
20130323	62
20130324	28
20130325	1175
20130326	1110
20130327	919
20130328	959
20130329	46
20130330	50
20130331	45
20130401	103
20130402	1061
20130403	999
20130404	1054
20130405	990
20130406	76
20130407	42
20130408	1282
20130409	1012
20130410	1017
20130411	1030
20130412	1061
20130413	54
20130414	51
20130415	1273
20130416	923
20130417	965
20130418	1097
20130419	974
20130420	66
20130421	27
20130422	1244
20130423	1129
20130424	1013
20130425	1005
20130426	911
20130427	88
20130428	39
20130429	1370
20130430	1134
20130501	1003
20130502	1030
20130503	990
20130504	59
20130505	41
20130506	51
20130507	1233
20130508	1058
20130509	1007
20130510	1048
20130511	57
20130512	47
20130513	1326
20130514	1035
20130515	960
20130516	997
20130517	960
20130518	59
20130519	38
20130520	1268
20130521	1062
20130522	967
20130523	1026
20130524	1004
20130525	46
20130526	45
20130527	44
20130528	1051
20130529	958
20130530	966
20130531	962
20130601	122
20130602	31
20130603	1124
20130604	984
20130605	914
20130606	988
20130607	895
20130608	69
20130609	49
20130610	1279
20130611	1047
20130612	989
20130613	950
20130614	972
20130615	84
20130616	37
20130617	1196
20130618	1068
20130619	990
20130620	930
20130621	1018
20130622	77
20130623	45
20130624	1241
20130625	1069
20130626	1046
20130627	940
20130628	951
20130629	69
20130630	48
20130701	1142
20130702	1024
20130703	981
20130704	979
20130705	917
20130706	50
20130707	40
20130708	1173
20130709	1073
20130710	1010
20130711	980
20130712	1013
20130713	55
20130714	48
20130715	1188
20130716	1011
20130717	1016
20130718	995
20130719	902
20130720	51
20130721	42
20130722	1177
20130723	946
20130724	957
20130725	826
20130726	916
20130727	57
20130728	26
20130729	1086
20130730	1084
20130731	935
20130801	839
20130802	900
20130803	74
20130804	38
20130805	1086
20130806	917
20130807	862
20130808	826
20130809	824
20130810	55
20130811	45
20130812	980
20130813	871
20130814	848
20130815	886
20130816	795
20130817	46
20130818	43
20130819	1080
20130820	1005
20130821	895
20130822	951
20130823	876
20130824	47
20130825	28
20130826	63
20130827	1076
20130828	908
20130829	907
20130830	930
20130831	44
20130901	81
20130902	1132
20130903	1044
20130904	903
20130905	861
20130906	887
20130907	44
20130908	43
20130909	1222
20130910	1006
20130911	921
20130912	995
20130913	838
20130914	63
20130915	48
20130916	1167
20130917	1101
20130918	869
20130919	1013
20130920	925
20130921	55
20130922	42
20130923	1238
20130924	1112
20130925	929
20130926	893
20130927	959
20130928	67
20130929	47
20130930	1288
20131001	1134
20131002	975
20131003	999
20131004	944
20131005	70
20131006	47
20131007	1221
20131008	1079
20131009	984
20131010	1048
20131011	1024
20131012	61
20131013	57
20131014	1236
20131015	1099
20131016	957
20131017	1030
20131018	969
20131019	60
20131020	47
20131021	1233
20131022	1086
20131023	959
20131024	1041
20131025	967
20131026	47
20131027	39
20131028	1160
20131029	985
20131030	942
20131031	996
20131101	988
20131102	67
20131103	43
20131104	1186
20131105	1105
20131106	1038
20131107	1044
20131108	965
20131109	45
20131110	39
20131111	1253
20131112	1096
20131113	1008
20131114	1019
20131115	937
20131116	64
20131117	54
20131118	1178
20131119	1118
20131120	1011
20131121	1007
20131122	1034
20131123	60
20131124	45
20131125	1269
20131126	967
20131127	1024
20131128	1021
20131129	988
20131130	64
20131201	86
20131202	1247
20131203	1103
20131204	956
20131205	1000
20131206	1033
20131207	77
20131208	42
20131209	1236
20131210	1110
20131211	932
20131212	1060
20131213	1052
20131214	72
20131215	33
20131216	1203
20131217	1106
20131218	1062
20131219	1083
20131220	1035
20131221	51
20131222	43
20131223	1124
20131224	684
20131225	29
20131226	40
20131227	808
20131228	60
20131229	51
20131230	1136
20131231	847
20140101	805
20140102	987
20140103	1053
20140104	87
20140105	36
20140106	1298
20140107	1141
20140108	1111
20140109	1088
20140110	1103
20140111	72
20140112	41
20140113	1325
20140114	1183
20140115	1112
20140116	1126
20140117	1009
20140118	76
20140119	52
20140120	1241
20140121	1127
20140122	1030
20140123	1031
20140124	984
20140125	82
20140126	39
20140127	1299
20140128	1187
20140129	1103
20140130	1043
20140131	1021
20140201	130
20140202	56
20140203	1345
20140204	1120
20140205	1121
20140206	1088
20140207	1060
20140208	84
20140209	64
20140210	1236
20140211	1231
20140212	1086
20140213	1101
20140214	999
20140215	55
20140216	52
20140217	1182
20140218	1163
20140219	1010
20140220	982
20140221	957
20140222	76
20140223	50
20140224	1244
20140225	1159
20140226	1007
20140227	1063
20140228	979
20140301	151
20140302	55
20140303	1277
20140304	1227
20140305	1016
20140306	1079
20140307	1041
20140308	86
20140309	56
20140310	1258
20140311	1087
20140312	1049
20140313	1008
20140314	1016
20140315	87
20140316	38
20140317	1295
20140318	1222
20140319	1058
20140320	1105
20140321	1047
20140322	90
20140323	62
20140324	1330
20140325	1139
20140326	1033
20140327	1054
20140328	1066
20140329	76
20140330	41
20140331	1231
20140401	1286
20140402	1054
20140403	1087
20140404	1074
20140405	61
20140406	52
20140407	1215
20140408	1121
20140409	896
20140410	1108
20140411	954
20140412	80
20140413	40
20140414	1128
20140415	1000
20140416	962
20140417	1013
20140418	52
20140419	57
20140420	58
20140421	49
20140422	1248
20140423	1009
20140424	1023
20140425	1007
20140426	77
20140427	60
20140428	1441
20140429	1118
20140430	1130
20140501	1162
20140502	986
20140503	58
20140504	55
20140505	56
20140506	1293
20140507	1065
20140508	1145
20140509	1143
20140510	77
20140511	47
20140512	1292
20140513	1151
20140514	998
20140515	1041
20140516	1083
20140517	81
20140518	37
20140519	1381
20140520	1195
20140521	1124
20140522	1106
20140523	1065
20140524	71
20140525	49
20140526	56
20140527	1103
20140528	1021
20140529	1044
20140530	862
20140531	67
20140601	116
20140602	1182
20140603	1087
20140604	939
20140605	926
20140606	969
20140607	59
20140608	39
20140609	1160
20140610	993
20140611	965
20140612	1037
20140613	999
20140614	60
20140615	34
20140616	1207
20140617	1158
20140618	978
20140619	981
20140620	983
20140621	58
20140622	58
20140623	1209
20140624	1192
20140625	1038
20140626	973
20140627	927
20140628	57
20140629	40
20140630	1154
20140701	1219
20140702	1017
20140703	1039
20140704	1007
20140705	55
20140706	41
20140707	1194
20140708	958
20140709	957
20140710	980
20140711	982
20140712	70
20140713	44
20140714	1248
20140715	1128
20140716	894
20140717	947
20140718	948
20140719	57
20140720	40
20140721	1125
20140722	1167
20140723	874
20140724	1009
20140725	917
20140726	57
20140727	49
20140728	1137
20140729	986
20140730	814
20140731	919
20140801	927
20140802	69
20140803	54
20140804	1112
20140805	1043
20140806	833
20140807	907
20140808	873
20140809	74
20140810	41
20140811	1111
20140812	949
20140813	894
20140814	1021
20140815	876
20140816	71
20140817	64
20140818	1131
20140819	952
20140820	867
20140821	873
20140822	900
20140823	47
20140824	42
20140825	46
20140826	1028
20140827	953
20140828	997
20140829	883
20140830	69
20140831	42
20140901	1181
20140902	1004
20140903	975
20140904	1038
20140905	919
20140906	62
20140907	45
20140908	1106
20140909	1025
20140910	907
20140911	1040
20140912	916
20140913	75
20140914	47
20140915	1208
20140916	1107
20140917	917
20140918	1080
20140919	974
20140920	63
20140921	39
20140922	1205
20140923	1118
20140924	950
20140925	997
20140926	905
20140927	63
20140928	62
20140929	1231
20140930	1102
20141001	1123
20141002	1006
20141003	945
20141004	57
20141005	39
20141006	1216
20141007	1063
20141008	911
20141009	1024
20141010	974
20141011	95
20141012	49
20141013	1234
20141014	1249
20141015	1036
20141016	973
20141017	1001
20141018	59
20141019	43
20141020	1199
20141021	1046
20141022	961
20141023	996
20141024	954
20141025	72
20141026	51
20141027	1098
20141028	1102
20141029	932
20141030	946
20141031	944
20141101	101
20141102	37
20141103	1269
20141104	964
20141105	1096
20141106	1065
20141107	1020
20141108	87
20141109	51
20141110	1218
20141111	1121
20141112	959
20141113	1071
20141114	923
20141115	68
20141116	38
20141117	1301
20141118	1189
20141119	1039
20141120	1135
20141121	1014
20141122	83
20141123	50
20141124	1345
20141125	1141
20141126	1036
20141127	1132
20141128	981
20141129	86
20141130	45
20141201	1316
20141202	1137
20141203	963
20141204	1144
20141205	987
20141206	81
20141207	52
20141208	1379
20141209	1203
20141210	990
20141211	1059
20141212	1027
20141213	97
20141214	61
20141215	1340
20141216	1231
20141217	1082
20141218	1175
20141219	1074
20141220	91
20141221	44
20141222	1312
20141223	1165
20141224	674
20141225	37
20141226	34
20141227	68
20141228	34
20141229	1251
20141230	985
20141231	741
20150101	692
20150102	1007
20150103	77
20150104	60
20150105	1466
20150106	1328
20150107	1061
20150108	1119
20150109	1097
20150110	69
20150111	32
20150112	1372
20150113	1148
20150114	962
20150115	1066
20150116	1043
20150117	83
20150118	43
20150119	1347
20150120	1175
20150121	1037
20150122	1080
20150123	1005
20150124	79
20150125	47
20150126	1353
20150127	1231
20150128	1059
20150129	973
20150130	1030
20150131	78
20150201	88
20150202	1277
20150203	1217
20150204	1034
20150205	1102
20150206	1052
20150207	86
20150208	61
20150209	1387
20150210	1196
20150211	1075
20150212	1102
20150213	1095
20150214	76
20150215	44
20150216	1123
20150217	1094
20150218	1020
20150219	1020
20150220	981
20150221	85
20150222	50
20150223	1269
20150224	1302
20150225	1044
20150226	1097
20150227	1153
20150228	81
20150301	104
20150302	1332
20150303	1142
20150304	994
20150305	1092
20150306	1048
20150307	78
20150308	60
20150309	1388
20150310	1276
20150311	1095
20150312	1055
20150313	1013
20150314	96
20150315	64
20150316	1415
20150317	1222
20150318	1073
20150319	1168
20150320	1026
20150321	94
20150322	62
20150323	1420
20150324	1222
20150325	1083
20150326	1172
20150327	1032
20150328	80
20150329	50
20150330	1239
20150331	1135
20150401	1071
20150402	1039
20150403	77
20150404	58
20150405	34
20150406	59
20150407	1215
20150408	1058
20150409	1111
20150410	1031
20150411	86
20150412	55
20150413	1216
20150414	1227
20150415	1013
20150416	1042
20150417	1041
20150418	71
20150419	64
20150420	1339
20150421	1202
20150422	1044
20150423	1098
20150424	1060
20150425	78
20150426	61
20150427	1280
20150428	1313
20150429	1022
20150430	1195
20150501	1099
20150502	59
20150503	54
20150504	43
20150505	1322
20150506	1074
20150507	1204
20150508	1101
20150509	85
20150510	56
20150511	1308
20150512	984
20150513	1149
20150514	1096
20150515	1041
20150516	82
20150517	61
20150518	1376
20150519	1144
20150520	1094
20150521	1079
20150522	979
20150523	76
20150524	49
20150525	48
20150526	1159
20150527	976
20150528	1033
20150529	905
20150530	67
20150531	45
20150601	1342
20150602	1155
20150603	989
20150604	1049
20150605	985
20150606	74
20150607	71
20150608	1328
20150609	1210
20150610	961
20150611	1103
20150612	1036
20150613	86
20150614	58
20150615	1335
20150616	1165
20150617	1009
20150618	1124
20150619	1032
20150620	75
20150621	63
20150622	1350
20150623	1139
20150624	1043
20150625	1076
20150626	957
20150627	85
20150628	52
20150629	1317
20150630	1076
20150701	1031
20150702	1098
20150703	979
20150704	54
20150705	45
20150706	1198
20150707	1090
20150708	1068
20150709	1030
20150710	948
20150711	87
20150712	58
20150713	1167
20150714	1086
20150715	1011
20150716	1042
20150717	932
20150718	58
20150719	63
20150720	1234
20150721	1042
20150722	941
20150723	1047
20150724	964
20150725	57
20150726	48
20150727	1111
20150728	1090
20150729	909
20150730	930
20150731	823
20150801	100
20150802	46
20150803	1179
20150804	1124
20150805	1002
20150806	944
20150807	867
20150808	62
20150809	45
20150810	1078
20150811	1058
20150812	980
20150813	971
20150814	868
20150815	59
20150816	54
20150817	1132
20150818	1017
20150819	917
20150820	976
20150821	851
20150822	69
20150823	53
20150824	1135
20150825	1011
20150826	964
20150827	1001
20150828	894
20150829	65
20150830	45
20150831	58
20150901	1172
20150902	993
20150903	990
20150904	936
20150905	56
20150906	34
20150907	1255
20150908	1105
20150909	1033
20150910	1000
20150911	963
20150912	79
20150913	42
20150914	1184
20150915	1175
20150916	964
20150917	1054
20150918	978
20150919	94
20150920	71
20150921	1341
20150922	1163
20150923	954
20150924	1067
20150925	973
20150926	47
20150927	56
20150928	1223
20150929	1111
20150930	980
20151001	1129
20151002	998
20151003	101
20151004	63
20151005	1259
20151006	1128
20151007	1043
20151008	1093
20151009	1105
20151010	87
20151011	66
20151012	1249
20151013	1189
20151014	1083
20151015	1088
20151016	1052
20151017	72
20151018	50
20151019	1279
20151020	1158
20151021	1092
20151022	1020
20151023	978
20151024	81
20151025	52
20151026	1227
20151027	1085
20151028	994
20151029	972
20151030	890
20151031	59
20151101	100
20151102	1238
20151103	1151
20151104	997
20151105	1088
20151106	1093
20151107	74
20151108	43
20151109	1232
20151110	935
20151111	1105
20151112	1132
20151113	1050
20151114	78
20151115	47
20151116	1300
20151117	1185
20151118	1126
20151119	1071
20151120	1072
20151121	95
20151122	48
20151123	1272
20151124	1123
20151125	1077
20151126	1059
20151127	1070
20151128	78
20151129	48
20151130	1361
20151201	1182
20151202	1011
20151203	1117
20151204	1062
20151205	65
20151206	53
20151207	1336
20151208	1233
20151209	1046
20151210	1158
20151211	1061
20151212	63
20151213	62
20151214	1258
20151215	1200
20151216	1090
20151217	1079
20151218	1022
20151219	90
20151220	54
20151221	1259
20151222	1108
20151223	932
20151224	539
20151225	45
20151226	42
20151227	42
20151228	75
20151229	1007
20151230	871
20151231	740
20160101	592
20160102	56
20160103	41
20160104	1371
20160105	1247
20160106	1016
20160107	1221
20160108	1099
20160109	85
20160110	59
20160111	1456
20160112	1204
20160113	1065
20160114	1207
20160115	1145
20160116	116
20160117	39
20160118	1449
20160119	1239
20160120	1099
20160121	1164
20160122	1038
20160123	100
20160124	56
20160125	1439
20160126	1200
20160127	1089
20160128	1177
20160129	1106
20160130	100
20160131	61
20160201	1500
20160202	1385
20160203	1175
20160204	1154
20160205	1206
20160206	85
20160207	70
20160208	1487
20160209	1369
20160210	1081
20160211	1284
20160212	1017
20160213	59
20160214	49
20160215	1311
20160216	1121
20160217	982
20160218	1124
20160219	970
20160220	70
20160221	48
20160222	1532
20160223	1250
20160224	1152
20160225	1157
20160226	1226
20160227	88
20160228	70
20160229	1518
20160301	1353
20160302	1112
20160303	1259
20160304	1102
20160305	104
20160306	54
20160307	1564
20160308	1309
20160309	1172
20160310	1204
20160311	1138
20160312	84
20160313	57
20160314	1549
20160315	1318
20160316	1123
20160317	1284
20160318	1169
20160319	68
20160320	54
20160321	1468
20160322	1312
20160323	1162
20160324	1180
20160325	70
20160326	64
20160327	44
20160328	50
20160329	1288
20160330	1158
20160331	1234
20160401	1146
20160402	88
20160403	60
20160404	1400
20160405	1189
20160406	1074
20160407	1104
20160408	994
20160409	75
20160410	46
20160411	1243
20160412	1174
20160413	1055
20160414	1149
20160415	1025
20160416	64
20160417	54
20160418	1374
20160419	1218
20160420	1050
20160421	1111
20160422	1074
20160423	99
20160424	54
20160425	1438
20160426	1233
20160427	1134
20160428	1141
20160429	1070
20160430	103
20160501	90
20160502	84
20160503	1490
20160504	1202
20160505	1198
20160506	1165
20160507	98
20160508	61
20160509	1502
20160510	1328
20160511	1103
20160512	1272
20160513	1087
20160514	70
20160515	56
20160516	1475
20160517	1326
20160518	1145
20160519	1239
20160520	1133
20160521	111
20160522	43
20160523	1386
20160524	1238
20160525	929
20160526	1185
20160527	1128
20160528	72
20160529	49
20160530	63
20160531	1204
20160601	1117
20160602	1080
20160603	1105
20160604	89
20160605	49
20160606	1360
20160607	1238
20160608	1157
20160609	1246
20160610	1093
20160611	58
20160612	47
20160613	1313
20160614	1195
20160615	1158
20160616	1146
20160617	1090
20160618	87
20160619	44
20160620	1357
20160621	1247
20160622	1084
20160623	1114
20160624	1022
20160625	76
20160626	62
20160627	1257
20160628	1251
20160629	1038
20160630	1172
20160701	997
20160702	96
20160703	59
20160704	1317
20160705	1161
20160706	1023
20160707	1089
20160708	1063
20160709	70
20160710	42
20160711	1347
20160712	1082
20160713	1040
20160714	1083
20160715	1036
20160716	66
20160717	60
20160718	1275
20160719	1041
20160720	1022
20160721	1159
20160722	1016
20160723	92
20160724	58
20160725	1273
20160726	1186
20160727	1050
20160728	1100
20160729	1022
20160730	57
20160731	48
20160801	1329
20160802	1294
20160803	1010
20160804	1019
20160805	976
20160806	90
20160807	48
20160808	1183
20160809	1174
20160810	1024
20160811	1070
20160812	937
20160813	60
20160814	46
20160815	1155
20160816	1062
20160817	1014
20160818	1068
20160819	940
20160820	71
20160821	46
20160822	1233
20160823	1147
20160824	1043
20160825	988
20160826	909
20160827	69
20160828	62
20160829	55
20160830	1282
20160831	1091
20160901	1277
20160902	1061
20160903	72
20160904	43
20160905	1310
20160906	1106
20160907	976
20160908	1053
20160909	1017
20160910	58
20160911	42
20160912	1275
20160913	1159
20160914	1061
20160915	1186
20160916	989
20160917	60
20160918	41
20160919	1383
20160920	1215
20160921	1173
20160922	1190
20160923	986
20160924	85
20160925	52
20160926	1412
20160927	1233
20160928	1053
20160929	1212
20160930	1031
20161001	163
20161002	51
20161003	1407
20161004	1182
20161005	1159
20161006	1162
20161007	1052
20161008	100
20161009	39
20161010	1419
20161011	1291
20161012	1202
20161013	1174
20161014	1087
20161015	108
20161016	75
20161017	1484
20161018	1284
20161019	1151
20161020	1215
20161021	1082
20161022	78
20161023	58
20161024	1252
20161025	1061
20161026	1141
20161027	1130
20161028	1024
20161029	75
20161030	70
20161031	1394
20161101	1402
20161102	1082
20161103	1166
20161104	1029
20161105	91
20161106	56
20161107	1379
20161108	1228
20161109	1112
20161110	1118
20161111	1059
20161112	115
20161113	62
20161114	1408
20161115	1340
20161116	1161
20161117	1226
20161118	1119
20161119	122
20161120	61
20161121	1390
20161122	1052
20161123	1317
20161124	1099
20161125	1041
20161126	96
20161127	59
20161128	1351
20161129	1269
20161130	1074
20161201	1201
20161202	1075
20161203	99
20161204	63
20161205	1420
20161206	1311
20161207	1208
20161208	1215
20161209	998
20161210	109
20161211	56
20161212	1477
20161213	1400
20161214	1100
20161215	1185
20161216	1062
20161217	120
20161218	70
20161219	1457
20161220	1350
20161221	1134
20161222	1147
20161223	932
20161224	65
20161225	42
20161226	57
20161227	71
20161228	1129
20161229	1073
20161230	1025
20161231	75
20170101	466
20170102	73
20170103	1338
20170104	1236
20170105	1244
20170106	1160
20170107	106
20170108	54
20170109	1529
20170110	1355
20170111	1223
20170112	1282
20170113	1130
20170114	75
20170115	64
20170116	1604
20170117	1391
20170118	1162
20170119	1193
20170120	1127
20170121	99
20170122	59
20170123	1539
20170124	1346
20170125	1152
20170126	1199
20170127	1132
20170128	152
20170129	77
20170130	1530
20170131	1349
20170201	1257
20170202	1192
20170203	1132
20170204	91
20170205	71
20170206	1495
20170207	1373
20170208	1215
20170209	1270
20170210	1131
20170211	113
20170212	96
20170213	1564
20170214	1262
20170215	1262
20170216	1217
20170217	1122
20170218	104
20170219	66
20170220	1459
20170221	1284
20170222	1105
20170223	1089
20170224	1026
20170225	117
20170226	62
20170227	1495
20170228	1295
20170301	1234
20170302	1218
20170303	1116
20170304	87
20170305	57
20170306	1561
20170307	1404
20170308	1249
20170309	1223
20170310	1148
20170311	111
20170312	47
20170313	1462
20170314	1353
20170315	1204
20170316	1184
20170317	1158
20170318	96
20170319	65
20170320	1485
20170321	1294
20170322	1164
20170323	1175
20170324	1057
20170325	96
20170326	44
20170327	1498
20170328	1350
20170329	1181
20170330	1290
20170331	1074
20170401	154
20170402	83
20170403	1411
20170404	1290
20170405	1111
20170406	1204
20170407	982
20170408	110
20170409	51
20170410	1456
20170411	1234
20170412	1135
20170413	1146
20170414	60
20170415	59
20170416	40
20170417	61
20170418	1305
20170419	1195
20170420	1253
20170421	1174
20170422	90
20170423	61
20170424	1450
20170425	1293
20170426	1237
20170427	1164
20170428	1110
20170429	82
20170430	79
20170501	137
20170502	1482
20170503	1199
20170504	1206
20170505	1091
20170506	137
20170507	67
20170508	1395
20170509	1273
20170510	1165
20170511	1142
20170512	1025
20170513	84
20170514	46
20170515	1370
20170516	1316
20170517	1129
20170518	1217
20170519	1092
20170520	110
20170521	33
20170522	1396
20170523	1268
20170524	1053
20170525	1084
20170526	1016
20170527	81
20170528	61
20170529	76
20170530	1314
20170531	1120
20170601	1127
20170602	1046
20170603	112
20170604	67
20170605	1306
20170606	1264
20170607	1112
20170608	1108
20170609	1107
20170610	96
20170611	40
20170612	1382
20170613	1007
20170614	1215
20170615	1266
20170616	1111
20170617	93
20170618	68
20170619	1426
20170620	1373
20170621	1087
20170622	1146
20170623	1111
20170624	106
20170625	63
20170626	1412
20170627	1286
20170628	1142
20170629	1161
20170630	1064
20170701	157
20170702	71
20170703	1415
20170704	1362
20170705	1154
20170706	1232
20170707	1207
20170708	101
20170709	65
20170710	1457
20170711	1297
20170712	1135
20170713	1184
20170714	1121
20170715	80
20170716	51
20170717	1474
20170718	1303
20170719	1163
20170720	1288
20170721	1189
20170722	119
20170723	52
20170724	1421
20170725	1274
20170726	1156
20170727	1036
20170728	1037
20170729	112
20170730	78
20170731	1275
20170801	1276
20170802	1015
20170803	1177
20170804	1034
20170805	89
20170806	51
20170807	1247
20170808	1171
20170809	1101
20170810	1106
20170811	1011
20170812	68
20170813	38
20170814	1278
20170815	1143
20170816	1130
20170817	1157
20170818	1011
20170819	104
20170820	55
20170821	1244
20170822	1222
20170823	1139
20170824	1062
20170825	1062
20170826	85
20170827	68
20170828	74
20170829	1269
20170830	1156
20170831	1148
20170901	1058
20170902	89
20170903	80
20170904	1361
20170905	1304
20170906	1094
20170907	1181
20170908	1076
20170909	93
20170910	72
20170911	1376
20170912	1304
20170913	1226
20170914	1201
20170915	1066
20170916	153
20170917	95
20170918	1397
20170919	1241
20170920	1303
20170921	1290
20170922	1171
20170923	110
20170924	85
20170925	1521
20170926	1334
20170927	1158
20170928	1168
20170929	1246
20170930	112
20171001	132
20171002	1474
20171003	1338
20171004	1184
20171005	1243
20171006	1082
20171007	124
20171008	84
20171009	1495
20171010	1494
20171011	1243
20171012	1373
20171013	1134
20171014	111
20171015	67
20171016	1503
20171017	1417
20171018	1289
20171019	1292
20171020	1188
20171021	116
20171022	71
20171023	1386
20171024	1282
20171025	1107
20171026	1238
20171027	1106
20171028	107
20171029	72
20171030	1466
20171031	1369
20171101	1284
20171102	1359
20171103	1073
20171104	85
20171105	70
20171106	1414
20171107	1084
20171108	1252
20171109	1269
20171110	1133
20171111	107
20171112	73
20171113	1430
20171114	1438
20171115	1252
20171116	1315
20171117	1232
20171118	96
20171119	96
20171120	1398
20171121	1326
20171122	1247
20171123	1319
20171124	1220
20171125	101
20171126	104
20171127	1453
20171128	1412
20171129	1273
20171130	1339
20171201	1198
20171202	117
20171203	65
20171204	1385
20171205	1231
20171206	1102
20171207	1125
20171208	1021
20171209	126
20171210	75
20171211	1400
20171212	1258
20171213	1178
20171214	1282
20171215	1081
20171216	110
20171217	83
20171218	1400
20171219	1367
20171220	1162
20171221	1147
20171222	974
20171223	89
20171224	65
20171225	52
20171226	60
20171227	1080
20171228	1091
20171229	972
20171230	76
20171231	49
20180101	256
20180102	1428
20180103	1228
20180104	1404
20180105	1283
20180106	113
20180107	84
20180108	1607
20180109	1377
20180110	1215
20180111	1359
20180112	1200
20180113	108
20180114	68
20180115	1648
20180116	1400
20180117	1266
20180118	1346
20180119	1221
20180120	114
20180121	87
20180122	1576
20180123	1438
20180124	1286
20180125	1311
20180126	1230
20180127	102
20180128	83
20180129	1569
20180130	1416
20180131	1368
20180201	1514
20180202	1190
20180203	94
20180204	62
20180205	1491
20180206	1387
20180207	1160
20180208	1289
20180209	1292
20180210	108
20180211	73
20180212	1446
20180213	1258
20180214	1163
20180215	1234
20180216	1117
20180217	83
20180218	73
20180219	1381
20180220	1313
20180221	1133
20180222	1225
20180223	1103
20180224	98
20180225	42
20180226	1417
20180227	1257
20180228	1261
20180301	1173
20180302	1113
20180303	103
20180304	85
20180305	1412
20180306	1435
20180307	1294
20180308	1305
20180309	1214
20180310	98
20180311	70
20180312	1481
20180313	1449
20180314	1229
20180315	1291
20180316	1198
20180317	123
20180318	77
20180319	1464
20180320	1418
20180321	1241
20180322	1314
20180323	1214
20180324	102
20180325	89
20180326	1436
20180327	1407
20180328	1221
20180329	1282
20180330	60
20180331	91
20180401	146
20180402	81
20180403	1320
20180404	1219
20180405	1214
20180406	1102
20180407	90
20180408	71
20180409	1421
20180410	1311
20180411	1115
20180412	1271
20180413	1216
20180414	101
20180415	74
20180416	1483
20180417	1401
20180418	1286
20180419	1287
20180420	1142
20180421	139
20180422	94
20180423	1426
20180424	1392
20180425	1265
20180426	1331
20180427	1226
20180428	83
20180429	87
20180430	1547
20180501	1414
20180502	1403
20180503	1287
20180504	1210
20180505	115
20180506	70
20180507	75
20180508	1372
20180509	1273
20180510	1406
20180511	1180
20180512	107
20180513	75
20180514	1484
20180515	1438
20180516	1281
20180517	1274
20180518	1273
20180519	113
20180520	83
20180521	1475
20180522	1056
20180523	1349
20180524	1318
20180525	1187
20180526	134
20180527	74
20180528	88
20180529	1242
20180530	1140
20180531	1309
20180601	1181
20180602	93
20180603	69
20180604	1518
20180605	1310
20180606	1317
20180607	1310
20180608	1159
20180609	100
20180610	70
20180611	1477
20180612	1300
20180613	1326
20180614	1468
20180615	1083
20180616	96
20180617	55
20180618	1453
20180619	1402
20180620	1200
20180621	1213
20180622	1188
20180623	116
20180624	82
20180625	1406
20180626	1272
20180627	1132
20180628	1215
20180629	1211
20180630	110
20180701	120
20180702	1355
20180703	1246
20180704	1173
20180705	1221
20180706	1106
20180707	83
20180708	88
20180709	1334
20180710	1223
20180711	1118
20180712	1151
20180713	1163
20180714	107
20180715	66
20180716	1357
20180717	1200
20180718	1129
20180719	1263
20180720	1124
20180721	91
20180722	46
20180723	1276
20180724	1217
20180725	1165
20180726	1155
20180727	1042
20180728	103
20180729	78
20180730	1292
20180731	1223
20180801	1107
20180802	1138
20180803	1081
20180804	92
20180805	68
20180806	1211
20180807	1163
20180808	1176
20180809	1137
20180810	1080
20180811	125
20180812	57
20180813	1321
20180814	1239
20180815	1088
20180816	1082
20180817	1044
20180818	117
20180819	68
20180820	1263
20180821	1140
20180822	1128
20180823	1107
20180824	1021
20180825	89
20180826	61
20180827	52
20180828	1224
20180829	1193
20180830	1127
20180831	1056
20180901	101
20180902	68
20180903	1284
20180904	1243
20180905	1216
20180906	1276
20180907	1180
20180908	123
20180909	63
20180910	1331
20180911	1187
20180912	1195
20180913	1229
20180914	1210
20180915	114
20180916	52
20180917	1380
20180918	1296
20180919	1178
20180920	1266
20180921	1088
20180922	129
20180923	66
20180924	1385
20180925	1301
20180926	1244
20180927	1339
20180928	1108
20180929	127
20180930	70
20181001	1474
20181002	1336
20181003	1282
20181004	1290
20181005	1335
20181006	128
20181007	73
20181008	1491
20181009	1411
20181010	1297
20181011	1266
20181012	1323
20181013	133
20181014	81
20181015	1399
20181016	1427
20181017	1249
20181018	1268
20181019	1234
20181020	110
20181021	83
20181022	1400
20181023	1311
20181024	1215
20181025	1242
20181026	1157
20181027	148
20181028	79
20181029	1428
20181030	1359
20181031	1257
20181101	1611
20181102	1279
20181103	151
20181104	82
20181105	1437
20181106	1301
20181107	1280
20181108	1256
20181109	1214
20181110	96
20181111	89
20181112	1574
20181113	1328
20181114	1320
20181115	1306
20181116	1171
20181117	115
20181118	104
20181119	1420
20181120	1323
20181121	1292
20181122	1327
20181123	1195
20181124	111
20181125	95
20181126	1499
20181127	982
20181128	1239
20181129	1328
20181130	1236
20181201	153
20181202	77
20181203	1387
20181204	1322
20181205	1394
20181206	1288
20181207	1295
20181208	121
20181209	139
20181210	1413
20181211	1498
20181212	1349
20181213	1399
20181214	1191
20181215	124
20181216	109
20181217	1535
20181218	1513
20181219	1398
20181220	1498
20181221	1251
20181222	118
20181223	94
20181224	903
20181225	39
20181226	62
20181227	1147
20181228	1185
20181229	96
20181230	62
20181231	1107
20190101	177
20190102	1195
20190103	1374
20190104	1316
20190105	121
20190106	95
20190107	1526
20190108	1486
20190109	1471
20190110	1489
20190111	1318
20190112	128
20190113	94
20190114	1594
20190115	1452
20190116	1252
20190117	1291
20190118	1270
20190119	118
20190120	102
20190121	1548
20190122	1543
20190123	1351
20190124	1340
20190125	1272
20190126	129
20190127	101
20190128	1597
20190129	1502
20190130	1130
20190131	1378
20190201	1304
20190202	121
20190203	81
20190204	1562
20190205	1406
20190206	1378
20190207	1431
20190208	1258
20190209	138
20190210	100
20190211	1613
20190212	1509
20190213	1375
20190214	1393
20190215	1238
20190216	162
20190217	118
20190218	1451
20190219	1331
20190220	1196
20190221	1227
20190222	1147
20190223	131
20190224	94
20190225	1475
20190226	1405
20190227	1372
20190228	1379
20190301	1302
20190302	134
20190303	93
20190304	1476
20190305	1349
20190306	1340
20190307	1289
20190308	1224
20190309	109
20190310	103
20190311	1466
20190312	1296
20190313	1374
20190314	1300
20190315	1232
20190316	144
20190317	106
20190318	1533
20190319	1389
20190320	1254
20190321	1301
20190322	1248
20190323	106
20190324	95
20190325	1546
20190326	1388
20190327	1262
20190328	1312
20190329	1219
20190330	136
20190331	106
20190401	1649
20190402	1402
20190403	1381
20190404	1443
20190405	1368
20190406	142
20190407	134
20190408	1576
20190409	1487
20190410	1354
20190411	1344
20190412	1198
20190413	106
20190414	96
20190415	1429
20190416	1385
20190417	1384
20190418	1355
20190419	75
20190420	87
20190421	75
20190422	87
20190423	1583
20190424	1392
20190425	1499
20190426	1377
20190427	140
20190428	110
20190429	1675
20190430	1552
20190501	1484
20190502	1393
20190503	1235
20190504	129
20190505	103
20190506	102
20190507	1472
20190508	1357
20190509	1388
20190510	1355
20190511	122
20190512	118
20190513	1641
20190514	1491
20190515	1407
20190516	1532
20190517	1371
20190518	139
20190519	121
20190520	1644
20190521	1263
20190522	1456
20190523	1472
20190524	1316
20190525	97
20190526	101
20190527	75
20190528	1344
20190529	1289
20190530	1305
20190531	1243
20190601	181
20190602	111
20190603	1490
20190604	1383
20190605	1346
20190606	1348
20190607	1333
20190608	153
20190609	80
20190610	1582
20190611	1603
20190612	1469
20190613	1420
20190614	1279
20190615	104
20190616	81
20190617	1652
20190618	1506
20190619	1451
20190620	1523
20190621	1387
20190622	131
20190623	114
20190624	1784
20190625	1533
20190626	1407
20190627	1545
20190628	1295
20190629	142
20190630	103
20190701	1795
20190702	1596
20190703	1571
20190704	1661
20190705	1428
20190706	122
20190707	101
20190708	1984
20190709	1524
20190710	1577
20190711	1575
20190712	1354
20190713	133
20190714	116
20190715	1612
20190716	1512
20190717	1464
20190718	1562
20190719	1364
20190720	125
20190721	90
20190722	1747
20190723	1549
20190724	1409
20190725	1311
20190726	1258
20190727	140
20190728	90
20190729	1718
20190730	1420
20190731	1310
20190801	1544
20190802	1330
20190803	145
20190804	105
20190805	1564
20190806	1512
20190807	1375
20190808	1403
20190809	1295
20190810	131
20190811	101
20190812	1606
20190813	1380
20190814	1454
20190815	1557
20190816	1272
20190817	146
20190818	105
20190819	1578
20190820	1662
20190821	1388
20190822	1288
20190823	1214
20190824	128
20190825	71
20190826	79
20190827	1611
20190828	1449
20190829	1458
20190830	1298
20190831	130
20190901	115
20190902	1599
20190903	1585
20190904	1515
20190905	1491
20190906	1297
20190907	132
20190908	85
20190909	1626
20190910	1475
20190911	1355
20190912	1504
20190913	1415
20190914	177
20190915	94
20190916	1686
20190917	1623
20190918	1447
20190919	1577
20190920	1411
20190921	140
20190922	106
20190923	1842
20190924	1749
20190925	1486
20190926	1549
20190927	1382
20190928	134
20190929	141
20190930	1828
20191001	1734
20191002	1517
20191003	1633
20191004	1386
20191005	155
20191006	115
20191007	1789
20191008	1708
20191009	1612
20191010	1590
20191011	1366
20191012	164
20191013	101
20191014	1904
20191015	1663
20191016	1568
20191017	1500
20191018	1439
20191019	136
20191020	115
20191021	1659
20191022	1624
20191023	1382
20191024	1520
20191025	1264
20191026	127
20191027	91
20191028	1760
20191029	1598
20191030	1500
20191031	1517
20191101	1484
20191102	165
20191103	105
20191104	1885
20191105	1340
20191106	1578
20191107	1578
20191108	1571
20191109	176
20191110	107
20191111	1811
20191112	1730
20191113	1618
20191114	1655
20191115	1535
20191116	161
20191117	108
20191118	1713
20191119	1900
20191120	1615
20191121	1684
20191122	1508
20191123	158
20191124	98
20191125	1902
20191126	1814
20191127	1697
20191128	1656
20191129	1492
20191130	149
20191201	141
20191202	1851
20191203	1780
20191204	1625
20191205	1604
20191206	1513
20191207	138
20191208	117
20191209	1881
20191210	1817
20191211	1611
20191212	1575
20191213	1427
20191214	138
20191215	105
20191216	1883
20191217	1851
20191218	1649
20191219	1706
20191220	1521
20191221	144
20191222	121
20191223	1749
20191224	1068
20191225	59
20191226	62
20191227	1340
20191228	126
20191229	94
20191230	1523
20191231	1233
20200101	100
20200102	1594
20200103	1451
20200104	114
20200105	95
20200106	1955
20200107	1948
20200108	1715
20200109	1794
20200110	1583
20200111	148
20200112	145
20200113	1911
20200114	1870
20200115	1704
20200116	1731
20200117	1560
20200118	160
20200119	113
20200120	1922
20200121	1628
20200122	1477
20200123	1529
20200124	1471
20200125	147
20200126	119
20200127	1965
20200128	2029
20200129	1568
20200130	1640
20200131	1483
20200201	157
20200202	148
20200203	1958
20200204	1737
20200205	1614
20200206	1534
20200207	1356
20200208	134
20200209	124
20200210	1834
20200211	1539
20200212	1504
20200213	1629
20200214	1376
20200215	155
20200216	113
20200217	1843
20200218	1518
20200219	1504
20200220	1465
20200221	1376
20200222	146
20200223	115
20200224	1820
20200225	1849
20200226	1572
20200227	1731
20200228	1483
20200229	159
20200301	130
20200302	1780
20200303	1728
20200304	1541
20200305	1564
20200306	1458
20200307	146
20200308	120
20200309	1785
20200310	1613
20200311	1400
20200312	1386
20200313	1081
20200314	148
20200315	94
20200316	1227
20200317	1033
20200318	924
20200319	852
20200320	831
20200321	86
20200322	73
20200323	840
20200324	802
20200325	708
20200326	735
20200327	606
20200328	69
20200329	56
20200330	693
20200331	660
20200401	575
20200402	672
20200403	579
20200404	68
20200405	47
20200406	804
20200407	525
20200408	607
20200409	600
20200410	280
20200411	54
20200412	45
20200413	230
20200414	709
20200415	564
20200416	552
20200417	614
20200418	65
20200419	34
20200420	752
20200421	730
20200422	611
20200423	586
20200424	560
20200425	53
20200426	45
20200427	748
20200428	680
20200429	611
20200430	601
20200501	592
20200502	38
20200503	39
20200504	804
20200505	761
20200506	596
20200507	592
20200508	273
20200509	60
20200510	49
20200511	720
20200512	649
20200513	600
20200514	610
20200515	621
20200516	32
20200517	42
20200518	724
20200519	681
20200520	526
20200521	479
20200522	446
20200523	1
20200524	8
20200525	6
20200526	228
20200905	1
20520422	1