20100102	75
20100103	3
20100104	7052
20100105	3835
20100106	4740
20100107	5348
20100108	4581
20100109	119
20100110	6
20100111	7802
20100112	6199
20100113	5733
20100114	5006
20100115	4038
20100116	94
20100117	4
20100118	6789
20100119	5751
20100120	5126
20100121	4351
20100122	4354
20100123	115
20100124	4
20100125	5989
20100126	5867
20100127	4553
20100128	4701
20100129	4342
20100130	155
20100131	10
20100201	6504
20100202	5886
20100203	4879
20100204	4608
20100205	4408
20100206	141
20100207	10
20100208	6113
20100209	6042
20100210	5260
20100211	4842
20100212	4348
20100213	127
20100214	6
20100215	6423
20100216	5769
20100217	5010
20100218	4664
20100219	4126
20100220	92
20100221	6
20100222	6436
20100223	5784
20100224	5018
20100225	5026
20100226	4572
20100227	116
20100228	36
20100301	6891
20100302	5787
20100303	4834
20100304	4955
20100305	4406
20100306	103
20100307	28
20100308	6421
20100309	6653
20100310	5213
20100311	4444
20100312	4550
20100313	127
20100314	25
20100315	6901
20100316	6064
20100317	4995
20100318	4729
20100319	4447
20100320	90
20100321	29
20100322	6696
20100323	6034
20100324	5178
20100325	5202
20100326	4660
20100327	143
20100328	32
20100329	7371
20100330	6513
20100331	5217
20100401	4919
20100402	661
20100403	28
20100404	41
20100405	692
20100406	7861
20100407	6567
20100408	5699
20100409	4682
20100410	162
20100411	36
20100412	6670
20100413	6509
20100414	5278
20100415	4925
20100416	4705
20100417	76
20100418	33
20100419	6460
20100420	6109
20100421	5368
20100422	5098
20100423	4900
20100424	82
20100425	36
20100426	6885
20100427	6416
20100428	5181
20100429	5141
20100430	4693
20100501	51
20100502	29
20100503	669
20100504	8512
20100505	5994
20100506	5393
20100507	4623
20100508	42
20100509	27
20100510	7041
20100511	6858
20100512	5287
20100513	4919
20100514	4398
20100515	92
20100516	26
20100517	7045
20100518	6467
20100519	5169
20100520	4844
20100521	4754
20100522	46
20100523	65
20100524	6736
20100525	6626
20100526	5164
20100527	5377
20100528	4632
20100529	52
20100530	26
20100531	757
20100601	7035
20100602	6418
20100603	5530
20100604	4660
20100605	92
20100606	27
20100607	6887
20100608	5833
20100609	5374
20100610	4795
20100611	4823
20100612	143
20100613	33
20100614	6652
20100615	6259
20100616	5522
20100617	4853
20100618	4442
20100619	121
20100620	23
20100621	6915
20100622	6019
20100623	5107
20100624	5095
20100625	4693
20100626	94
20100627	18
20100628	7189
20100629	5964
20100630	5643
20100701	5013
20100702	4500
20100703	82
20100704	39
20100705	6969
20100706	6214
20100707	4844
20100708	4777
20100709	4546
20100710	109
20100711	21
20100712	7055
20100713	5923
20100714	5152
20100715	4973
20100716	4861
20100717	101
20100718	62
20100719	6828
20100720	5786
20100721	4991
20100722	5022
20100723	4092
20100724	117
20100725	28
20100726	7250
20100727	5700
20100728	5534
20100729	4888
20100730	4568
20100731	76
20100801	20
20100802	6704
20100803	5697
20100804	5100
20100805	4828
20100806	4311
20100807	226
20100808	54
20100809	6793
20100810	5641
20100811	5536
20100812	4718
20100813	4701
20100814	109
20100815	21
20100816	6505
20100817	5943
20100818	5590
20100819	4727
20100820	4567
20100821	29
20100822	20
20100823	6969
20100824	6050
20100825	5511
20100826	5290
20100827	5167
20100828	14
20100829	13
20100830	897
20100831	8001
20100901	6212
20100902	5070
20100903	4968
20100904	147
20100905	25
20100906	6875
20100907	6212
20100908	5458
20100909	4330
20100910	4430
20100911	36
20100912	25
20100913	6681
20100914	5987
20100915	5236
20100916	4804
20100917	4778
20100918	124
20100919	62
20100920	7081
20100921	5915
20100922	5301
20100923	4990
20100924	4699
20100925	94
20100926	112
20100927	6780
20100928	6005
20100929	5595
20100930	4663
20101001	4521
20101002	152
20101003	70
20101004	6938
20101005	6333
20101006	5403
20101007	5261
20101008	4448
20101009	32
20101010	176
20101011	7101
20101012	5439
20101013	5348
20101014	5303
20101015	5000
20101016	58
20101017	101
20101018	6339
20101019	6077
20101020	5474
20101021	5409
20101022	4772
20101023	49
20101024	268
20101025	6945
20101026	5994
20101027	5338
20101028	4941
20101029	4701
20101030	134
20101031	113
20101101	6593
20101102	5959
20101103	5564
20101104	4933
20101105	4610
20101106	43
20101107	243
20101108	6921
20101109	6459
20101110	5304
20101111	4903
20101112	4916
20101113	90
20101114	263
20101115	6988
20101116	6017
20101117	5231
20101118	4820
20101119	4720
20101120	73
20101121	329
20101122	6937
20101123	6385
20101124	5954
20101125	4706
20101126	4977
20101127	92
20101128	167
20101129	7407
20101130	5952
20101201	5507
20101202	4714
20101203	5016
20101204	84
20101205	256
20101206	7415
20101207	7738
20101208	5728
20101209	6199
20101210	5045
20101211	67
20101212	179
20101213	8012
20101214	7890
20101215	6836
20101216	6349
20101217	6387
20101218	38
20101219	61
20101220	9028
20101221	7858
20101222	5686
20101223	4418
20101224	3120
20101225	4
20101226	43
20101227	685
20101228	927
20101229	6473
20101230	5221
20101231	4285
20110101	14
20110102	62
20110103	585
20110104	7671
20110105	6908
20110106	6860
20110107	5385
20110108	80
20110109	52
20110110	7200
20110111	6922
20110112	6354
20110113	5199
20110114	5275
20110115	189
20110116	170
20110117	6190
20110118	6362
20110119	6078
20110120	5078
20110121	4437
20110122	234
20110123	36
20110124	6429
20110125	5670
20110126	6194
20110127	4930
20110128	4888
20110129	81
20110130	173
20110131	6691
20110201	6297
20110202	5875
20110203	5641
20110204	4808
20110205	147
20110206	68
20110207	6887
20110208	6408
20110209	5922
20110210	4916
20110211	5036
20110212	127
20110213	32
20110214	6835
20110215	6223
20110216	5591
20110217	4988
20110218	4624
20110219	147
20110220	34
20110221	7015
20110222	5917
20110223	5850
20110224	4875
20110225	4922
20110226	51
20110227	28
20110228	7162
20110301	6230
20110302	5703
20110303	5449
20110304	4756
20110305	102
20110306	8
20110307	7803
20110308	6467
20110309	5954
20110310	5224
20110311	5283
20110312	54
20110313	17
20110314	6976
20110315	6607
20110316	5766
20110317	4597
20110318	5210
20110319	42
20110320	18
20110321	7090
20110322	6192
20110323	5725
20110324	5193
20110325	4940
20110326	66
20110327	10
20110328	6806
20110329	6788
20110330	5675
20110331	5305
20110401	5145
20110402	230
20110403	10
20110404	6727
20110405	6145
20110406	5785
20110407	5764
20110408	5130
20110409	115
20110410	4
20110411	7078
20110412	6502
20110413	5738
20110414	5473
20110415	5588
20110416	274
20110417	41
20110418	7758
20110419	7415
20110420	6093
20110421	5907
20110422	767
20110423	101
20110424	28
20110425	806
20110426	9500
20110427	8043
20110428	7131
20110429	477
20110430	23
20110501	25
20110502	518
20110503	9967
20110504	7965
20110505	7018
20110506	5093
20110507	136
20110508	21
20110509	7733
20110510	6735
20110511	6724
20110512	5333
20110513	4997
20110514	33
20110515	19
20110516	6820
20110517	6385
20110518	6137
20110519	5210
20110520	4561
20110521	30
20110522	23
20110523	7230
20110524	6997
20110525	6321
20110526	5092
20110527	5639
20110528	292
20110529	19
20110530	888
20110531	7779
20110601	6534
20110602	6605
20110603	5619
20110604	204
20110605	17
20110606	7767
20110607	7099
20110608	5390
20110609	5133
20110610	5157
20110611	184
20110612	12
20110613	7218
20110614	7061
20110615	5772
20110616	5450
20110617	5218
20110618	100
20110619	17
20110620	7157
20110621	6212
20110622	5166
20110623	5388
20110624	4987
20110625	123
20110626	27
20110627	7783
20110628	6644
20110629	5913
20110630	5220
20110701	4745
20110702	75
20110703	14
20110704	7637
20110705	7515
20110706	5493
20110707	5469
20110708	4822
20110709	96
20110710	14
20110711	8377
20110712	6401
20110713	5180
20110714	5107
20110715	4832
20110716	43
20110717	14
20110718	7831
20110719	5931
20110720	5691
20110721	5326
20110722	4918
20110723	84
20110724	18
20110725	7984
20110726	6212
20110727	5628
20110728	5314
20110729	5026
20110730	108
20110731	14
20110801	7984
20110802	7113
20110803	5705
20110804	5021
20110805	4649
20110806	33
20110807	10
20110808	7648
20110809	6060
20110810	5552
20110811	4975
20110812	4580
20110813	108
20110814	23
20110815	7668
20110816	6443
20110817	5832
20110818	4998
20110819	4715
20110820	90
20110821	19
20110822	7884
20110823	6558
20110824	6023
20110825	5394
20110826	5915
20110827	226
20110828	18
20110829	1059
20110830	8516
20110831	6335
20110901	6081
20110902	4944
20110903	208
20110904	12
20110905	7379
20110906	7154
20110907	5855
20110908	5220
20110909	4803
20110910	145
20110911	13
20110912	7267
20110913	6787
20110914	5531
20110915	5405
20110916	4819
20110917	104
20110918	18
20110919	7536
20110920	6254
20110921	6068
20110922	5298
20110923	5212
20110924	123
20110925	24
20110926	7726
20110927	7132
20110928	5682
20110929	4977
20110930	5084
20111001	64
20111002	23
20111003	7926
20111004	7435
20111005	5838
20111006	5573
20111007	5090
20111008	66
20111009	20
20111010	7740
20111011	6448
20111012	5636
20111013	5851
20111014	4750
20111015	58
20111016	21
20111017	8263
20111018	6219
20111019	4950
20111020	5222
20111021	5277
20111022	167
20111023	14
20111024	8674
20111025	6399
20111026	5793
20111027	5361
20111028	5299
20111029	87
20111030	13
20111031	8040
20111101	5970
20111102	6485
20111103	5554
20111104	5386
20111105	159
20111106	12
20111107	7630
20111108	6798
20111109	5563
20111110	5403
20111111	5509
20111112	75
20111113	10
20111114	8157
20111115	6450
20111116	5745
20111117	5563
20111118	5187
20111119	180
20111120	25
20111121	8073
20111122	7114
20111123	6109
20111124	5244
20111125	5128
20111126	230
20111127	9
20111128	8072
20111129	7112
20111130	5864
20111201	5571
20111202	5503
20111203	162
20111204	11
20111205	8261
20111206	7426
20111207	6068
20111208	5887
20111209	5544
20111210	266
20111211	8
20111212	8936
20111213	8249
20111214	7308
20111215	6804
20111216	6711
20111217	270
20111218	24
20111219	10332
20111220	8809
20111221	6572
20111222	5418
20111223	4623
20111224	73
20111226	1174
20111227	935
20111228	6729
20111229	5095
20111230	4753
20111231	61
20120101	18
20120102	1034
20120103	8095
20120104	7322
20120105	6167
20120106	6221
20120107	124
20120108	207
20120109	8131
20120110	7567
20120111	6183
20120112	5798
20120113	6023
20120114	168
20120115	194
20120116	8128
20120117	6669
20120118	5883
20120119	6054
20120120	5161
20120121	83
20120122	11
20120123	7579
20120124	7215
20120125	6293
20120126	5625
20120127	4934
20120128	137
20120129	25
20120130	7793
20120131	7115
20120201	5805
20120202	6154
20120203	5592
20120204	70
20120205	8
20120206	7970
20120207	7169
20120208	6089
20120209	6059
20120210	5407
20120211	46
20120212	10
20120213	7577
20120214	6712
20120215	6097
20120216	5899
20120217	5598
20120218	125
20120219	24
20120220	8086
20120221	6977
20120222	6247
20120223	5716
20120224	5361
20120225	83
20120226	33
20120227	7997
20120228	6906
20120229	6020
20120301	5984
20120302	5610
20120303	125
20120304	8
20120305	8406
20120306	8021
20120307	5902
20120308	6009
20120309	5140
20120310	78
20120311	14
20120312	7746
20120313	7398
20120314	6470
20120315	5396
20120316	5347
20120317	108
20120318	9
20120319	8511
20120320	7197
20120321	6376
20120322	5848
20120323	5182
20120324	147
20120325	7
20120326	8356
20120327	7734
20120328	6654
20120329	5977
20120330	5617
20120331	221
20120401	16
20120402	9024
20120403	8402
20120404	6895
20120405	6253
20120406	567
20120407	45
20120408	13
20120409	1018
20120410	8922
20120411	7995
20120412	7288
20120413	5474
20120414	233
20120415	14
20120416	8824
20120417	7441
20120418	6615
20120419	6534
20120420	5302
20120421	64
20120422	18
20120423	8065
20120424	7487
20120425	6253
20120426	6012
20120427	5573
20120428	209
20120429	30
20120430	8410
20120501	7436
20120502	6621
20120503	6250
20120504	6302
20120505	89
20120506	18
20120507	1071
20120508	9778
20120509	7799
20120510	6408
20120511	5633
20120512	182
20120513	30
20120514	8401
20120515	7765
20120516	7313
20120517	6120
20120518	5602
20120519	173
20120520	26
20120521	8353
20120522	7672
20120523	6923
20120524	6020
20120525	5882
20120526	239
20120527	13
20120528	8437
20120529	7875
20120530	7046
20120531	6491
20120601	5812
20120602	47
20120603	24
20120604	1369
20120605	924
20120606	9585
20120607	8193
20120608	6869
20120609	187
20120610	7
20120611	8492
20120612	7547
20120613	7213
20120614	6094
20120615	6469
20120616	142
20120617	40
20120618	8596
20120619	6680
20120620	6916
20120621	6255
20120622	5545
20120623	53
20120624	10
20120625	8176
20120626	6906
20120627	6769
20120628	5946
20120629	5334
20120630	147
20120701	22
20120702	8645
20120703	7205
20120704	6759
20120705	5858
20120706	5538
20120707	39
20120708	8
20120709	8528
20120710	7994
20120711	6772
20120712	5864
20120713	5115
20120714	151
20120715	11
20120716	8310
20120717	7549
20120718	6036
20120719	6377
20120720	5758
20120721	127
20120722	29
20120723	8226
20120724	8001
20120725	6077
20120726	5565
20120727	5419
20120728	99
20120729	15
20120730	8488
20120731	7533
20120801	6570
20120802	5955
20120803	5820
20120804	141
20120805	27
20120806	7837
20120807	7609
20120808	6675
20120809	5773
20120810	5356
20120811	154
20120812	47
20120813	8651
20120814	7237
20120815	6336
20120816	5820
20120817	5200
20120818	88
20120819	28
20120820	9299
20120821	7425
20120822	6658
20120823	6030
20120824	6703
20120825	41
20120826	26
20120827	1178
20120828	8742
20120829	7870
20120830	6992
20120831	5650
20120901	124
20120902	50
20120903	8439
20120904	7991
20120905	6611
20120906	6265
20120907	5636
20120908	172
20120909	58
20120910	7725
20120911	7690
20120912	6666
20120913	6323
20120914	5343
20120915	120
20120916	56
20120917	8065
20120918	7396
20120919	6105
20120920	5925
20120921	5498
20120922	155
20120923	43
20120924	8164
20120925	7958
20120926	6693
20120927	6169
20120928	5673
20120929	102
20120930	22
20121001	8229
20121002	8254
20121003	7187
20121004	5988
20121005	5588
20121006	146
20121007	13
20121008	7472
20121009	8333
20121010	6910
20121011	6437
20121012	5487
20121013	119
20121014	20
20121015	7996
20121016	7491
20121017	7755
20121018	5599
20121019	5609
20121020	64
20121021	26
20121022	8686
20121023	8134
20121024	6525
20121025	6303
20121026	6047
20121027	94
20121028	47
20121029	8417
20121030	7168
20121031	6779
20121101	5822
20121102	5783
20121103	35
20121104	26
20121105	9230
20121106	7785
20121107	6593
20121108	6710
20121109	5747
20121110	90
20121111	30
20121112	8449
20121113	7853
20121114	6713
20121115	6329
20121116	5672
20121117	167
20121118	29
20121119	8135
20121120	8185
20121121	6441
20121122	6243
20121123	5624
20121124	143
20121125	41
20121126	8872
20121127	8222
20121128	7082
20121129	6780
20121130	5225
20121201	45
20121202	39
20121203	9191
20121204	8271
20121205	7733
20121206	6972
20121207	5864
20121208	40
20121209	40
20121210	9597
20121211	9207
20121212	7839
20121213	7146
20121214	6730
20121215	60
20121216	78
20121217	10319
20121218	10850
20121219	9032
20121220	8110
20121221	6692
20121222	135
20121223	47
20121224	6233
20121225	1287
20121226	941
20121227	6776
20121228	5952
20121229	50
20121230	28
20121231	6795
20130101	826
20130102	6889
20130103	8138
20130104	6968
20130105	197
20130106	42
20130107	10054
20130108	8415
20130109	6818
20130110	6798
20130111	6480
20130112	40
20130113	26
20130114	9064
20130115	7735
20130116	6497
20130117	6938
20130118	6064
20130119	43
20130120	25
20130121	8596
20130122	6940
20130123	6477
20130124	7120
20130125	6010
20130126	32
20130127	31
20130128	8846
20130129	7477
20130130	7052
20130131	7579
20130201	5745
20130202	35
20130203	34
20130204	9101
20130205	7542
20130206	6775
20130207	6779
20130208	6347
20130209	261
20130210	27
20130211	8045
20130212	8335
20130213	6873
20130214	6338
20130215	5902
20130216	68
20130217	39
20130218	8574
20130219	8246
20130220	6533
20130221	6555
20130222	5559
20130223	38
20130224	32
20130225	8531
20130226	8152
20130227	6843
20130228	7177
20130301	6497
20130302	46
20130303	39
20130304	9563
20130305	7667
20130306	6545
20130307	7115
20130308	6075
20130309	28
20130310	28
20130311	9177
20130312	8288
20130313	6840
20130314	6758
20130315	6053
20130316	161
20130317	18
20130318	9517
20130319	7631
20130320	6865
20130321	7039
20130322	6431
20130323	88
20130324	33
20130325	10387
20130326	9031
20130327	7335
20130328	7319
20130329	905
20130330	40
20130331	38
20130401	1349
20130402	9056
20130403	8941
20130404	8034
20130405	6604
20130406	43
20130407	46
20130408	9691
20130409	8533
20130410	7033
20130411	7004
20130412	6416
20130413	102
20130414	42
20130415	8539
20130416	7430
20130417	6983
20130418	7082
20130419	5711
20130420	89
20130421	34
20130422	9283
20130423	8514
20130424	7428
20130425	6958
20130426	5646
20130427	73
20130428	37
20130429	10104
20130430	8022
20130501	6998
20130502	7397
20130503	6734
20130504	34
20130505	39
20130506	1224
20130507	10308
20130508	8608
20130509	7973
20130510	6335
20130511	90
20130512	48
20130513	9131
20130514	7931
20130515	7346
20130516	6656
20130517	6547
20130518	107
20130519	64
20130520	9259
20130521	8228
20130522	7296
20130523	7377
20130524	7096
20130525	44
20130526	46
20130527	1146
20130528	9390
20130529	9487
20130530	6990
20130531	6069
20130601	66
20130602	46
20130603	8806
20130604	8662
20130605	7402
20130606	6309
20130607	6336
20130608	70
20130609	82
20130610	9259
20130611	8005
20130612	7321
20130613	6498
20130614	6553
20130615	78
20130616	116
20130617	9584
20130618	7916
20130619	7309
20130620	7322
20130621	6068
20130622	201
20130623	101
20130624	9823
20130625	7828
20130626	6840
20130627	6869
20130628	5870
20130629	210
20130630	108
20130701	9362
20130702	8526
20130703	7904
20130704	6879
20130705	6028
20130706	33
20130707	77
20130708	9530
20130709	8109
20130710	7336
20130711	6955
20130712	5926
20130713	92
20130714	42
20130715	9291
20130716	8413
20130717	7956
20130718	6877
20130719	5830
20130720	73
20130721	28
20130722	9448
20130723	8407
20130724	7637
20130725	7334
20130726	5466
20130727	33
20130728	19
20130729	9727
20130730	7929
20130731	7273
20130801	6904
20130802	6027
20130803	43
20130804	72
20130805	9261
20130806	7867
20130807	7827
20130808	6579
20130809	5953
20130810	27
20130811	84
20130812	9169
20130813	7875
20130814	6657
20130815	7078
20130816	5640
20130817	12
20130818	85
20130819	8617
20130820	8491
20130821	7983
20130822	7392
20130823	6855
20130824	60
20130825	111
20130826	1456
20130827	10405
20130828	8221
20130829	7061
20130830	7380
20130831	106
20130901	56
20130902	8867
20130903	7624
20130904	7268
20130905	6786
20130906	6070
20130907	54
20130908	40
20130909	9164
20130910	8443
20130911	7041
20130912	6849
20130913	5836
20130914	86
20130915	48
20130916	9627
20130917	7750
20130918	7616
20130919	6468
20130920	6099
20130921	97
20130922	37
20130923	10411
20130924	8289
20130925	7628
20130926	6957
20130927	6130
20130928	168
20130929	50
20130930	9565
20131001	7670
20131002	7432
20131003	6961
20131004	6680
20131005	145
20131006	44
20131007	9445
20131008	7803
20131009	7536
20131010	6979
20131011	6694
20131012	154
20131013	55
20131014	9538
20131015	7830
20131016	7476
20131017	7315
20131018	6205
20131019	190
20131020	73
20131021	9590
20131022	8125
20131023	8138
20131024	7185
20131025	6590
20131026	90
20131027	49
20131028	9401
20131029	8042
20131030	7340
20131031	6750
20131101	5622
20131102	122
20131103	46
20131104	9973
20131105	8488
20131106	7329
20131107	7516
20131108	6034
20131109	82
20131110	55
20131111	9520
20131112	8425
20131113	8173
20131114	6768
20131115	6368
20131116	98
20131117	51
20131118	9717
20131119	7798
20131120	7811
20131121	7318
20131122	6117
20131123	70
20131124	60
20131125	10271
20131126	8256
20131127	8032
20131128	6722
20131129	6939
20131130	57
20131201	86
20131202	9646
20131203	8401
20131204	8686
20131205	7075
20131206	6498
20131207	58
20131208	81
20131209	10369
20131210	9345
20131211	8259
20131212	8482
20131213	8137
20131214	110
20131215	107
20131216	12357
20131217	10484
20131218	9927
20131219	9937
20131220	7780
20131221	85
20131222	102
20131223	10148
20131224	5742
20131225	1178
20131226	1504
20131227	6404
20131228	60
20131229	90
20131230	10103
20131231	6666
20140101	933
20140102	6918
20140103	7614
20140104	73
20140105	65
20140106	10962
20140107	9086
20140108	7236
20140109	7951
20140110	7483
20140111	85
20140112	81
20140113	10595
20140114	9173
20140115	7217
20140116	7061
20140117	7141
20140118	155
20140119	74
20140120	10124
20140121	8735
20140122	7205
20140123	7034
20140124	6722
20140125	85
20140126	50
20140127	9128
20140128	8250
20140129	7166
20140130	6905
20140131	6563
20140201	95
20140202	55
20140203	10802
20140204	8585
20140205	8110
20140206	7643
20140207	7264
20140208	101
20140209	51
20140210	10362
20140211	8739
20140212	7590
20140213	7229
20140214	6471
20140215	78
20140216	48
20140217	9924
20140218	8728
20140219	7175
20140220	7235
20140221	6791
20140222	131
20140223	61
20140224	9184
20140225	9335
20140226	7445
20140227	7175
20140228	7204
20140301	90
20140302	75
20140303	10128
20140304	9642
20140305	7758
20140306	7022
20140307	7122
20140308	146
20140309	67
20140310	10542
20140311	9201
20140312	8017
20140313	6782
20140314	7013
20140315	79
20140316	49
20140317	10381
20140318	9250
20140319	7972
20140320	7217
20140321	6601
20140322	88
20140323	133
20140324	9862
20140325	9287
20140326	7894
20140327	6749
20140328	6678
20140329	88
20140330	67
20140331	10211
20140401	9662
20140402	7875
20140403	8069
20140404	6955
20140405	82
20140406	61
20140407	10207
20140408	9822
20140409	7985
20140410	7676
20140411	7298
20140412	162
20140413	72
20140414	9857
20140415	10579
20140416	8910
20140417	8177
20140418	1106
20140419	51
20140420	60
20140421	1941
20140422	10782
20140423	10197
20140424	8512
20140425	7933
20140426	94
20140427	53
20140428	11151
20140429	9435
20140430	9429
20140501	7989
20140502	7642
20140503	71
20140504	98
20140505	1812
20140506	11086
20140507	9898
20140508	8725
20140509	6920
20140510	88
20140511	57
20140512	9625
20140513	9585
20140514	8447
20140515	7379
20140516	6997
20140517	124
20140518	60
20140519	10191
20140520	10154
20140521	8623
20140522	8642
20140523	7181
20140524	125
20140525	67
20140526	1613
20140527	11337
20140528	9730
20140529	8494
20140530	7373
20140531	74
20140601	61
20140602	10766
20140603	9616
20140604	8028
20140605	7318
20140606	6976
20140607	142
20140608	90
20140609	10175
20140610	9518
20140611	7838
20140612	7413
20140613	6859
20140614	114
20140615	54
20140616	9379
20140617	9559
20140618	8816
20140619	7444
20140620	6967
20140621	86
20140622	87
20140623	9525
20140624	9508
20140625	8524
20140626	8012
20140627	6786
20140628	104
20140629	78
20140630	10447
20140701	10070
20140702	8136
20140703	7874
20140704	6517
20140705	97
20140706	53
20140707	10602
20140708	9370
20140709	7860
20140710	7546
20140711	6957
20140712	40
20140713	45
20140714	10442
20140715	9213
20140716	8213
20140717	7697
20140718	6762
20140719	79
20140720	63
20140721	10143
20140722	9404
20140723	7722
20140724	7376
20140725	7143
20140726	80
20140727	76
20140728	10334
20140729	9401
20140730	7712
20140731	7872
20140801	7122
20140802	81
20140803	107
20140804	10066
20140805	8446
20140806	8033
20140807	7914
20140808	6573
20140809	102
20140810	72
20140811	10070
20140812	10005
20140813	7547
20140814	7614
20140815	6978
20140816	70
20140817	89
20140818	10049
20140819	9410
20140820	8502
20140821	8613
20140822	7092
20140823	104
20140824	87
20140825	1939
20140826	10881
20140827	9964
20140828	8228
20140829	7059
20140830	99
20140831	72
20140901	9748
20140902	9719
20140903	8682
20140904	8069
20140905	7076
20140906	69
20140907	63
20140908	10918
20140909	8962
20140910	8096
20140911	7908
20140912	6785
20140913	72
20140914	62
20140915	10625
20140916	9178
20140917	8162
20140918	7583
20140919	6660
20140920	72
20140921	53
20140922	11218
20140923	9628
20140924	8057
20140925	7608
20140926	6671
20140927	76
20140928	50
20140929	11043
20140930	9061
20141001	8671
20141002	8332
20141003	6956
20141004	185
20141005	165
20141006	11194
20141007	9539
20141008	7833
20141009	8103
20141010	7190
20141011	168
20141012	173
20141013	10747
20141014	8848
20141015	8341
20141016	8033
20141017	7106
20141018	124
20141019	200
20141020	11465
20141021	9475
20141022	7664
20141023	8011
20141024	7698
20141025	131
20141026	163
20141027	10360
20141028	9373
20141029	8198
20141030	7657
20141031	6797
20141101	104
20141102	139
20141103	11291
20141104	9344
20141105	7867
20141106	7832
20141107	7399
20141108	86
20141109	126
20141110	11414
20141111	10026
20141112	8324
20141113	7933
20141114	7263
20141115	66
20141116	112
20141117	11197
20141118	10176
20141119	8048
20141120	8187
20141121	7421
20141122	79
20141123	127
20141124	10634
20141125	9835
20141126	9139
20141127	7965
20141128	7038
20141129	86
20141130	149
20141201	11494
20141202	9802
20141203	7683
20141204	8612
20141205	7735
20141206	141
20141207	142
20141208	12395
20141209	10691
20141210	9986
20141211	9327
20141212	7544
20141213	117
20141214	57
20141215	13637
20141216	12526
20141217	10232
20141218	10026
20141219	9437
20141220	105
20141221	98
20141222	12758
20141223	9938
20141224	5522
20141225	1195
20141226	1342
20141227	114
20141228	53
20141229	12183
20141230	8644
20141231	6090
20150101	860
20150102	7673
20150103	77
20150104	55
20150105	13406
20150106	11185
20150107	8493
20150108	8225
20150109	8427
20150110	104
20150111	27
20150112	12825
20150113	10506
20150114	8475
20150115	7721
20150116	7294
20150117	104
20150118	45
20150119	11881
20150120	9785
20150121	7314
20150122	6844
20150123	7257
20150124	85
20150125	38
20150126	11226
20150127	10069
20150128	7265
20150129	7111
20150130	8004
20150131	84
20150201	43
20150202	12450
20150203	10047
20150204	8527
20150205	7761
20150206	8048
20150207	79
20150208	30
20150209	12206
20150210	10397
20150211	8488
20150212	8040
20150213	7701
20150214	100
20150215	35
20150216	11598
20150217	9638
20150218	7613
20150219	7566
20150220	7362
20150221	114
20150222	32
20150223	12026
20150224	10312
20150225	8249
20150226	7394
20150227	8500
20150228	154
20150301	64
20150302	11457
20150303	10050
20150304	9099
20150305	7513
20150306	8255
20150307	76
20150308	75
20150309	11397
20150310	11720
20150311	8139
20150312	8259
20150313	7234
20150314	120
20150315	76
20150316	11612
20150317	9707
20150318	8185
20150319	7664
20150320	7858
20150321	73
20150322	77
20150323	12178
20150324	10538
20150325	8667
20150326	7967
20150327	7859
20150328	76
20150329	67
20150330	13593
20150331	11083
20150401	8345
20150402	8482
20150403	1401
20150404	81
20150405	80
20150406	2909
20150407	12855
20150408	10722
20150409	9538
20150410	7846
20150411	76
20150412	68
20150413	11467
20150414	10843
20150415	8748
20150416	7624
20150417	7845
20150418	60
20150419	75
20150420	11731
20150421	10255
20150422	8520
20150423	8841
20150424	7438
20150425	71
20150426	70
20150427	12300
20150428	10511
20150429	8840
20150430	8643
20150501	8202
20150502	61
20150503	95
20150504	2756
20150505	12259
20150506	9823
20150507	9011
20150508	7839
20150509	107
20150510	105
20150511	12365
20150512	9914
20150513	8997
20150514	8835
20150515	7696
20150516	76
20150517	64
20150518	12184
20150519	10513
20150520	9125
20150521	8504
20150522	7834
20150523	81
20150524	72
20150525	2453
20150526	12331
20150527	11368
20150528	8284
20150529	7663
20150530	91
20150531	78
20150601	11610
20150602	9896
20150603	8888
20150604	8809
20150605	7886
20150606	73
20150607	108
20150608	11948
20150609	9841
20150610	8702
20150611	8331
20150612	7836
20150613	155
20150614	124
20150615	11461
20150616	9843
20150617	8297
20150618	8127
20150619	7760
20150620	68
20150621	124
20150622	12533
20150623	10872
20150624	9076
20150625	7745
20150626	8397
20150627	52
20150628	108
20150629	12105
20150630	10458
20150701	8753
20150702	8128
20150703	7725
20150704	56
20150705	99
20150706	11372
20150707	11075
20150708	8597
20150709	8096
20150710	7854
20150711	91
20150712	131
20150713	12905
20150714	9764
20150715	8580
20150716	8496
20150717	7964
20150718	99
20150719	160
20150720	11716
20150721	10510
20150722	8458
20150723	7915
20150724	8461
20150725	81
20150726	129
20150727	11482
20150728	10120
20150729	8933
20150730	7917
20150731	7750
20150801	47
20150802	135
20150803	11862
20150804	10207
20150805	8847
20150806	7667
20150807	7612
20150808	46
20150809	133
20150810	12288
20150811	9876
20150812	8790
20150813	7975
20150814	7615
20150815	49
20150816	147
20150817	12812
20150818	10368
20150819	8836
20150820	8169
20150821	7816
20150822	60
20150823	181
20150824	13232
20150825	9676
20150826	9702
20150827	8572
20150828	8477
20150829	80
20150830	175
20150831	3029
20150901	11444
20150902	9846
20150903	9125
20150904	8453
20150905	60
20150906	226
20150907	11464
20150908	10095
20150909	9502
20150910	8542
20150911	7898
20150912	242
20150913	205
20150914	11330
20150915	9937
20150916	8682
20150917	8505
20150918	8067
20150919	82
20150920	341
20150921	11162
20150922	9612
20150923	9713
20150924	9097
20150925	7799
20150926	83
20150927	262
20150928	11653
20150929	10223
20150930	8934
20151001	8946
20151002	7803
20151003	141
20151004	239
20151005	10996
20151006	10252
20151007	8913
20151008	8916
20151009	8124
20151010	45
20151011	246
20151012	12174
20151013	10231
20151014	9375
20151015	8838
20151016	8045
20151017	249
20151018	239
20151019	12402
20151020	9740
20151021	9764
20151022	8148
20151023	7630
20151024	198
20151025	223
20151026	13213
20151027	9991
20151028	9075
20151029	8075
20151030	7873
20151031	92
20151101	233
20151102	12701
20151103	9912
20151104	9064
20151105	8956
20151106	8232
20151107	162
20151108	193
20151109	12443
20151110	9094
20151111	9498
20151112	9323
20151113	7890
20151114	92
20151115	133
20151116	12555
20151117	11113
20151118	9199
20151119	8948
20151120	8110
20151121	313
20151122	142
20151123	13448
20151124	9877
20151125	8895
20151126	8740
20151127	7754
20151128	130
20151129	130
20151130	13282
20151201	10531
20151202	9136
20151203	9041
20151204	8324
20151205	51
20151206	164
20151207	13716
20151208	11031
20151209	9468
20151210	9404
20151211	8842
20151212	214
20151213	188
20151214	15392
20151215	12998
20151216	11334
20151217	10286
20151218	10448
20151219	247
20151220	201
20151221	15943
20151222	11521
20151223	7259
20151224	6222
20151225	1571
20151226	29
20151227	142
20151228	3598
20151229	9733
20151230	7300
20151231	6911
20160101	1346
20160102	53
20160103	123
20160104	12416
20160105	11076
20160106	10427
20160107	9769
20160108	8628
20160109	137
20160110	132
20160111	13394
20160112	12378
20160113	10143
20160114	8370
20160115	7882
20160116	157
20160117	207
20160118	13281
20160119	11402
20160120	8656
20160121	8499
20160122	7704
20160123	108
20160124	147
20160125	12378
20160126	10850
20160127	8808
20160128	8235
20160129	7698
20160130	64
20160131	130
20160201	13409
20160202	10782
20160203	9144
20160204	9163
20160205	8201
20160206	70
20160207	156
20160208	13714
20160209	11524
20160210	8916
20160211	8941
20160212	8938
20160213	163
20160214	147
20160215	12663
20160216	10057
20160217	9453
20160218	8945
20160219	7507
20160220	243
20160221	127
20160222	12700
20160223	10101
20160224	8678
20160225	8886
20160226	8271
20160227	139
20160228	159
20160229	13303
20160301	10893
20160302	9608
20160303	9513
20160304	8608
20160305	409
20160306	144
20160307	13784
20160308	10359
20160309	9718
20160310	9374
20160311	8764
20160312	119
20160313	80
20160314	13421
20160315	10230
20160316	8970
20160317	8847
20160318	9009
20160319	312
20160320	88
20160321	14456
20160322	11360
20160323	10707
20160324	10115
20160325	1594
20160326	77
20160327	82
20160328	3563
20160329	13316
20160330	11440
20160331	10323
20160401	8843
20160402	128
20160403	98
20160404	13492
20160405	11261
20160406	10730
20160407	9273
20160408	7738
20160409	100
20160410	84
20160411	13624
20160412	10458
20160413	10375
20160414	8891
20160415	7781
20160416	112
20160417	138
20160418	12768
20160419	10520
20160420	9718
20160421	8539
20160422	7837
20160423	117
20160424	88
20160425	14613
20160426	11059
20160427	10323
20160428	9223
20160429	9238
20160430	152
20160501	70
20160502	3871
20160503	13280
20160504	12085
20160505	10208
20160506	9572
20160507	142
20160508	72
20160509	13526
20160510	10716
20160511	9412
20160512	8827
20160513	9024
20160514	103
20160515	52
20160516	12561
20160517	11219
20160518	9164
20160519	8929
20160520	9273
20160521	138
20160522	79
20160523	13025
20160524	11291
20160525	9290
20160526	9852
20160527	9646
20160528	73
20160529	62
20160530	3444
20160531	13821
20160601	10865
20160602	10292
20160603	10103
20160604	89
20160605	71
20160606	12473
20160607	11968
20160608	9490
20160609	9181
20160610	9250
20160611	49
20160612	48
20160613	11669
20160614	11126
20160615	10007
20160616	8760
20160617	9239
20160618	57
20160619	19
20160620	12710
20160621	11349
20160622	9279
20160623	9055
20160624	8908
20160625	69
20160626	27
20160627	12352
20160628	10986
20160629	10202
20160630	9157
20160701	8661
20160702	54
20160703	68
20160704	13338
20160705	10617
20160706	9686
20160707	9479
20160708	9645
20160709	64
20160710	57
20160711	12492
20160712	10557
20160713	9462
20160714	8629
20160715	9883
20160716	42
20160717	59
20160718	12554
20160719	10316
20160720	9356
20160721	8863
20160722	9987
20160723	131
20160724	68
20160725	13292
20160726	10565
20160727	10317
20160728	8675
20160729	10732
20160730	70
20160731	63
20160801	12169
20160802	10042
20160803	9074
20160804	9290
20160805	10003
20160806	61
20160807	31
20160808	12757
20160809	10341
20160810	9407
20160811	8961
20160812	10098
20160813	63
20160814	55
20160815	12613
20160816	10642
20160817	9522
20160818	9154
20160819	10050
20160820	88
20160821	67
20160822	13551
20160823	11064
20160824	10396
20160825	9312
20160826	10136
20160827	57
20160828	45
20160829	2860
20160830	12667
20160831	10723
20160901	10541
20160902	10759
20160903	288
20160904	52
20160905	12107
20160906	10864
20160907	9685
20160908	8930
20160909	9572
20160910	290
20160911	35
20160912	12286
20160913	11216
20160914	9271
20160915	9633
20160916	9828
20160917	171
20160918	67
20160919	12239
20160920	11056
20160921	10704
20160922	9543
20160923	9555
20160924	554
20160925	95
20160926	12933
20160927	10773
20160928	9938
20160929	9330
20160930	9349
20161001	306
20161002	43
20161003	12434
20161004	11246
20161005	10575
20161006	9716
20161007	9907
20161008	228
20161009	54
20161010	13176
20161011	10339
20161012	9780
20161013	9427
20161014	9976
20161015	179
20161016	56
20161017	13172
20161018	10644
20161019	10933
20161020	9698
20161021	9721
20161022	210
20161023	36
20161024	13327
20161025	9728
20161026	9609
20161027	9113
20161028	10127
20161029	235
20161030	43
20161031	12296
20161101	10283
20161102	9615
20161103	11056
20161104	9467
20161105	323
20161106	59
20161107	12953
20161108	11321
20161109	9934
20161110	9338
20161111	10403
20161112	547
20161113	43
20161114	12541
20161115	11666
20161116	9286
20161117	10119
20161118	10487
20161119	245
20161120	71
20161121	12665
20161122	10438
20161123	10592
20161124	10542
20161125	11244
20161126	198
20161127	60
20161128	13444
20161129	10631
20161130	10852
20161201	10063
20161202	11932
20161203	231
20161204	469
20161205	13709
20161206	12031
20161207	11447
20161208	10949
20161209	10854
20161210	315
20161211	313
20161212	14099
20161213	12850
20161214	11742
20161215	11962
20161216	12467
20161217	339
20161218	379
20161219	16940
20161220	14069
20161221	11744
20161222	9656
20161223	9624
20161224	103
20161225	203
20161226	2552
20161227	2122
20161228	10753
20161229	10244
20161230	10299
20161231	237
20170101	52
20170102	2133
20170103	13490
20170104	12048
20170105	10992
20170106	11824
20170107	290
20170108	100
20170109	12399
20170110	12193
20170111	11370
20170112	11247
20170113	12205
20170114	324
20170115	69
20170116	12019
20170117	11237
20170118	10807
20170119	10133
20170120	10900
20170121	299
20170122	90
20170123	12264
20170124	11241
20170125	9757
20170126	9329
20170127	10824
20170128	296
20170129	88
20170130	12500
20170131	11930
20170201	10143
20170202	9733
20170203	10663
20170204	260
20170205	101
20170206	13674
20170207	12135
20170208	11062
20170209	10338
20170210	11718
20170211	291
20170212	100
20170213	12506
20170214	11283
20170215	10654
20170216	10148
20170217	10550
20170218	430
20170219	89
20170220	13137
20170221	11552
20170222	9838
20170223	9258
20170224	10642
20170225	445
20170226	70
20170227	12912
20170228	11559
20170301	10536
20170302	9886
20170303	10744
20170304	304
20170305	64
20170306	15163
20170307	12415
20170308	9997
20170309	10125
20170310	11562
20170311	357
20170312	105
20170313	14218
20170314	12773
20170315	9433
20170316	9932
20170317	10090
20170318	280
20170319	85
20170320	13969
20170321	11919
20170322	10098
20170323	9836
20170324	10339
20170325	297
20170326	62
20170327	13660
20170328	12269
20170329	9776
20170330	10135
20170331	11364
20170401	344
20170402	91
20170403	14330
20170404	13630
20170405	11387
20170406	10344
20170407	11361
20170408	222
20170409	275
20170410	14659
20170411	13527
20170412	9783
20170413	11166
20170414	3049
20170415	158
20170416	85
20170417	2363
20170418	16400
20170419	12150
20170420	11747
20170421	10648
20170422	233
20170423	95
20170424	13802
20170425	12885
20170426	11393
20170427	12474
20170428	12403
20170429	154
20170430	87
20170501	2168
20170502	15144
20170503	12985
20170504	12616
20170505	12393
20170506	167
20170507	103
20170508	12926
20170509	12566
20170510	10487
20170511	10632
20170512	9987
20170513	130
20170514	85
20170515	13708
20170516	11638
20170517	10380
20170518	11112
20170519	11351
20170520	152
20170521	94
20170522	13774
20170523	11579
20170524	11465
20170525	11021
20170526	12299
20170527	127
20170528	78
20170529	2823
20170530	14822
20170531	12480
20170601	11760
20170602	11201
20170603	110
20170604	103
20170605	13590
20170606	12988
20170607	10051
20170608	11389
20170609	11766
20170610	126
20170611	67
20170612	13144
20170613	11540
20170614	10108
20170615	10121
20170616	11202
20170617	163
20170618	52
20170619	12740
20170620	12885
20170621	10541
20170622	10711
20170623	10704
20170624	207
20170625	55
20170626	13166
20170627	13160
20170628	11247
20170629	10873
20170630	11851
20170701	237
20170702	75
20170703	13552
20170704	12545
20170705	10931
20170706	10580
20170707	11109
20170708	135
20170709	58
20170710	13995
20170711	11594
20170712	11144
20170713	10673
20170714	11097
20170715	137
20170716	77
20170717	14942
20170718	12562
20170719	11449
20170720	9934
20170721	9568
20170722	192
20170723	63
20170724	15120
20170725	12626
20170726	10735
20170727	10260
20170728	10173
20170729	114
20170730	53
20170731	15265
20170801	12614
20170802	11119
20170803	10557
20170804	10183
20170805	228
20170806	91
20170807	15588
20170808	12394
20170809	10337
20170810	10228
20170811	10048
20170812	154
20170813	63
20170814	15055
20170815	11922
20170816	10348
20170817	11130
20170818	10421
20170819	136
20170820	84
20170821	15937
20170822	11975
20170823	10872
20170824	11282
20170825	11137
20170826	401
20170827	97
20170828	3878
20170829	16101
20170830	13027
20170831	11801
20170901	9572
20170902	209
20170903	77
20170904	13819
20170905	13310
20170906	11720
20170907	11692
20170908	10147
20170909	165
20170910	93
20170911	13109
20170912	13441
20170913	11130
20170914	11043
20170915	10203
20170916	156
20170917	106
20170918	13306
20170919	12486
20170920	12532
20170921	11139
20170922	9763
20170923	215
20170924	98
20170925	14173
20170926	13786
20170927	12107
20170928	11451
20170929	10859
20170930	117
20171001	99
20171002	13966
20171003	12661
20171004	12361
20171005	11246
20171006	9841
20171007	171
20171008	107
20171009	14090
20171010	13303
20171011	11549
20171012	10996
20171013	9867
20171014	133
20171015	66
20171016	15059
20171017	12539
20171018	12173
20171019	11805
20171020	10868
20171021	203
20171022	112
20171023	13370
20171024	14613
20171025	10718
20171026	10640
20171027	10569
20171028	306
20171029	160
20171030	13973
20171031	13450
20171101	11061
20171102	10396
20171103	11441
20171104	152
20171105	66
20171106	13838
20171107	12424
20171108	12026
20171109	11080
20171110	11538
20171111	145
20171112	96
20171113	16113
20171114	12445
20171115	11570
20171116	10902
20171117	10692
20171118	168
20171119	80
20171120	15969
20171121	13106
20171122	11321
20171123	10983
20171124	10251
20171125	234
20171126	84
20171127	16547
20171128	12816
20171129	11317
20171130	11401
20171201	9917
20171202	142
20171203	98
20171204	16705
20171205	13216
20171206	12305
20171207	11511
20171208	10513
20171209	214
20171210	149
20171211	18732
20171212	14653
20171213	13557
20171214	12085
20171215	11962
20171216	246
20171217	94
20171218	19089
20171219	16193
20171220	14616
20171221	11608
20171222	11823
20171223	482
20171224	146
20171225	4182
20171226	3098
20171227	12947
20171228	11368
20171229	10944
20171230	96
20171231	140
20180101	3515
20180102	14207
20180103	12875
20180104	12465
20180105	11880
20180106	150
20180107	121
20180108	14484
20180109	14382
20180110	13157
20180111	11456
20180112	11469
20180113	293
20180114	101
20180115	14030
20180116	13028
20180117	12827
20180118	12387
20180119	10931
20180120	124
20180121	83
20180122	13044
20180123	12921
20180124	12055
20180125	10315
20180126	11130
20180127	118
20180128	102
20180129	14614
20180130	12504
20180131	11853
20180201	11595
20180202	10699
20180203	146
20180204	133
20180205	15947
20180206	13069
20180207	12524
20180208	10872
20180209	10205
20180210	117
20180211	144
20180212	16232
20180213	13124
20180214	12182
20180215	10201
20180216	10330
20180217	106
20180218	77
20180219	15562
20180220	12460
20180221	11321
20180222	10302
20180223	10356
20180224	169
20180225	60
20180226	16988
20180227	12880
20180228	11396
20180301	11358
20180302	11917
20180303	109
20180304	108
20180305	15487
20180306	12622
20180307	12783
20180308	11654
20180309	11247
20180310	286
20180311	85
20180312	16300
20180313	13253
20180314	11633
20180315	11495
20180316	10608
20180317	115
20180318	89
20180319	15641
20180320	13030
20180321	12120
20180322	12232
20180323	10864
20180324	158
20180325	67
20180326	16269
20180327	14297
20180328	12594
20180329	14164
20180330	2111
20180331	120
20180401	65
20180402	4103
20180403	15273
20180404	15218
20180405	12956
20180406	11455
20180407	109
20180408	127
20180409	15801
20180410	14382
20180411	11953
20180412	11239
20180413	9879
20180414	104
20180415	148
20180416	14910
20180417	12758
20180418	12110
20180419	11452
20180420	10770
20180421	145
20180422	89
20180423	15266
20180424	13148
20180425	12047
20180426	11362
20180427	9651
20180428	113
20180429	82
20180430	15721
20180501	13626
20180502	13102
20180503	12698
20180504	12438
20180505	106
20180506	111
20180507	4287
20180508	15957
20180509	14612
20180510	12837
20180511	11413
20180512	155
20180513	77
20180514	15143
20180515	12465
20180516	12209
20180517	12181
20180518	10767
20180519	145
20180520	166
20180521	15384
20180522	12290
20180523	12820
20180524	12606
20180525	11761
20180526	237
20180527	148
20180528	3649
20180529	14942
20180530	14163
20180531	12567
20180601	11064
20180602	111
20180603	176
20180604	15452
20180605	14289
20180606	12776
20180607	11534
20180608	10312
20180609	98
20180610	87
20180611	15719
20180612	13126
20180613	12452
20180614	11357
20180615	10836
20180616	224
20180617	117
20180618	15782
20180619	12948
20180620	11168
20180621	11553
20180622	10376
20180623	175
20180624	53
20180625	15601
20180626	13774
20180627	12476
20180628	11622
20180629	10747
20180630	188
20180701	59
20180702	16794
20180703	12845
20180704	11769
20180705	11961
20180706	10448
20180707	134
20180708	78
20180709	16019
20180710	13238
20180711	11387
20180712	11844
20180713	11105
20180714	136
20180715	361
20180716	16705
20180717	13024
20180718	11243
20180719	10864
20180720	10435
20180721	69
20180722	82
20180723	17138
20180724	13639
20180725	12073
20180726	10496
20180727	11206
20180728	135
20180729	71
20180730	16180
20180731	12771
20180801	10910
20180802	11255
20180803	10325
20180804	108
20180805	84
20180806	15872
20180807	12719
20180808	11831
20180809	11761
20180810	10932
20180811	78
20180812	324
20180813	15507
20180814	13654
20180815	11292
20180816	11297
20180817	10915
20180818	71
20180819	43
20180820	16379
20180821	14065
20180822	11416
20180823	11956
20180824	11902
20180825	106
20180826	73
20180827	4452
20180828	16670
20180829	12436
20180830	13183
20180831	10924
20180901	114
20180902	215
20180903	15652
20180904	13961
20180905	12431
20180906	11316
20180907	10992
20180908	142
20180909	74
20180910	15235
20180911	13176
20180912	11364
20180913	12991
20180914	10846
20180915	523
20180916	60
20180917	14930
20180918	13828
20180919	11391
20180920	12284
20180921	10305
20180922	110
20180923	268
20180924	16464
20180925	12865
20180926	12112
20180927	12161
20180928	10629
20180929	529
20180930	174
20181001	15571
20181002	13188
20181003	12111
20181004	12274
20181005	10586
20181006	125
20181007	92
20181008	16874
20181009	13227
20181010	11629
20181011	12820
20181012	11020
20181013	280
20181014	105
20181015	16346
20181016	12884
20181017	11856
20181018	11707
20181019	11013
20181020	104
20181021	102
20181022	17711
20181023	13275
20181024	11926
20181025	11295
20181026	10706
20181027	449
20181028	117
20181029	16197
20181030	13301
20181031	11613
20181101	11742
20181102	10656
20181103	596
20181104	89
20181105	16716
20181106	13129
20181107	12870
20181108	12323
20181109	10604
20181110	150
20181111	101
20181112	17541
20181113	13301
20181114	11882
20181115	11869
20181116	10161
20181117	532
20181118	88
20181119	16921
20181120	13655
20181121	11915
20181122	11493
20181123	10012
20181124	690
20181125	88
20181126	16351
20181127	12749
20181128	12057
20181129	11928
20181130	12149
20181201	196
20181202	91
20181203	17280
20181204	14128
20181205	12084
20181206	12224
20181207	11396
20181208	1007
20181209	129
20181210	17448
20181211	15405
20181212	13605
20181213	14086
20181214	12064
20181215	773
20181216	122
20181217	21297
20181218	16916
20181219	14293
20181220	13924
20181221	13270
20181222	413
20181223	109
20181224	13816
20181225	3681
20181226	3001
20181227	13428
20181228	12960
20181229	250
20181230	88
20181231	15384
20190101	2926
20190102	13325
20190103	12763
20190104	12914
20190105	304
20190106	68
20190107	18564
20190108	13421
20190109	12894
20190110	12244
20190111	12453
20190112	250
20190113	204
20190114	17783
20190115	13337
20190116	12649
20190117	11539
20190118	11019
20190119	220
20190120	73
20190121	16277
20190122	13079
20190123	11937
20190124	11918
20190125	10513
20190126	216
20190127	75
20190128	17205
20190129	13480
20190130	11027
20190131	12533
20190201	12194
20190202	110
20190203	76
20190204	17289
20190205	13835
20190206	13299
20190207	12650
20190208	12100
20190209	149
20190210	70
20190211	17396
20190212	14549
20190213	12425
20190214	11887
20190215	11826
20190216	530
20190217	98
20190218	17111
20190219	13064
20190220	11783
20190221	11745
20190222	11313
20190223	240
20190224	61
20190225	17389
20190226	12727
20190227	13442
20190228	11925
20190301	12164
20190302	185
20190303	321
20190304	18378
20190305	14258
20190306	12278
20190307	12664
20190308	12409
20190309	203
20190310	130
20190311	17908
20190312	13904
20190313	12739
20190314	12145
20190315	12568
20190316	262
20190317	116
20190318	17378
20190319	13270
20190320	12269
20190321	11618
20190322	11679
20190323	145
20190324	87
20190325	18063
20190326	14162
20190327	12516
20190328	12216
20190329	11234
20190330	167
20190331	107
20190401	17134
20190402	14471
20190403	13141
20190404	12001
20190405	11288
20190406	160
20190407	136
20190408	18264
20190409	14969
20190410	13566
20190411	12400
20190412	12005
20190413	144
20190414	135
20190415	18789
20190416	14808
20190417	14988
20190418	14283
20190419	2548
20190420	138
20190421	63
20190422	3375
20190423	18223
20190424	16595
20190425	13384
20190426	12365
20190427	179
20190428	163
20190429	17627
20190430	15211
20190501	14889
20190502	13565
20190503	12251
20190504	121
20190505	114
20190506	2646
20190507	19299
20190508	15821
20190509	13481
20190510	11819
20190511	82
20190512	110
20190513	16160
20190514	15111
20190515	13397
20190516	11517
20190517	12694
20190518	115
20190519	261
20190520	17336
20190521	13921
20190522	15239
20190523	13412
20190524	14326
20190525	106
20190526	116
20190527	2826
20190528	17104
20190529	15584
20190530	12639
20190531	12163
20190601	317
20190602	109
20190603	15991
20190604	14957
20190605	13292
20190606	12500
20190607	13116
20190608	130
20190609	171
20190610	15968
20190611	14720
20190612	12448
20190613	12819
20190614	15304
20190615	114
20190616	72
20190617	15986
20190618	13152
20190619	12121
20190620	11823
20190621	11870
20190622	137
20190623	166
20190624	16180
20190625	15166
20190626	11691
20190627	11832
20190628	11055
20190629	96
20190630	81
20190701	16485
20190702	13681
20190703	11672
20190704	12054
20190705	10743
20190706	126
20190707	104
20190708	16977
20190709	12456
20190710	11944
20190711	12196
20190712	10775
20190713	126
20190714	110
20190715	16179
20190716	13323
20190717	11546
20190718	11160
20190719	10908
20190720	97
20190721	82
20190722	15728
20190723	12933
20190724	11179
20190725	11055
20190726	10492
20190727	137
20190728	93
20190729	15262
20190730	13481
20190731	12037
20190801	11985
20190802	10636
20190803	102
20190804	219
20190805	15478
20190806	13383
20190807	10580
20190808	11610
20190809	11270
20190810	202
20190811	155
20190812	14511
20190813	12926
20190814	11550
20190815	11228
20190816	10739
20190817	128
20190818	231
20190819	15992
20190820	13302
20190821	12372
20190822	11108
20190823	11162
20190824	117
20190825	97
20190826	3498
20190827	15890
20190828	14149
20190829	11652
20190830	11082
20190831	84
20190901	342
20190902	14783
20190903	13794
20190904	11892
20190905	11426
20190906	10835
20190907	69
20190908	217
20190909	14793
20190910	14218
20190911	11307
20190912	10554
20190913	11231
20190914	187
20190915	62
20190916	13996
20190917	13381
20190918	11601
20190919	10750
20190920	11489
20190921	87
20190922	66
20190923	15310
20190924	12883
20190925	11710
20190926	11064
20190927	12072
20190928	124
20190929	74
20190930	14713
20191001	12805
20191002	12095
20191003	11437
20191004	11105
20191005	148
20191006	204
20191007	14885
20191008	11992
20191009	12536
20191010	11453
20191011	11006
20191012	99
20191013	334
20191014	15663
20191015	11640
20191016	11129
20191017	13037
20191018	11529
20191019	144
20191020	103
20191021	14411
20191022	12563
20191023	11100
20191024	12288
20191025	10849
20191026	95
20191027	400
20191028	14693
20191029	13003
20191030	12254
20191031	11764
20191101	11204
20191102	64
20191103	133
20191104	14129
20191105	13304
20191106	12139
20191107	10948
20191108	10975
20191109	1173
20191110	177
20191111	14616
20191112	14099
20191113	11457
20191114	10863
20191115	11280
20191116	536
20191117	212
20191118	14024
20191119	13230
20191120	12339
20191121	10588
20191122	10853
20191123	126
20191124	112
20191125	14637
20191126	13752
20191127	11804
20191128	11945
20191129	10548
20191130	446
20191201	70
20191202	14160
20191203	12560
20191204	12571
20191205	11816
20191206	11625
20191207	136
20191208	63
20191209	13755
20191210	13867
20191211	11235
20191212	12530
20191213	11938
20191214	362
20191215	429
20191216	17863
20191217	15662
20191218	14815
20191219	13795
20191220	12338
20191221	256
20191222	562
20191223	14773
20191224	10390
20191225	2837
20191226	2600
20191227	11589
20191228	127
20191229	184
20191230	15377
20191231	12443
20200101	2144
20200102	11220
20200103	11193
20200104	112
20200105	147
20200106	15682
20200107	16180
20200108	10988
20200109	10831
20200110	11750
20200111	157
20200112	97
20200113	15423
20200114	12519
20200115	11937
20200116	10669
20200117	10689
20200118	128
20200119	459
20200120	14725
20200121	13259
20200122	11292
20200123	11004
20200124	10036
20200125	161
20200126	517
20200127	14164
20200128	12361
20200129	10233
20200130	10162
20200131	10024
20200201	115
20200202	232
20200203	14846
20200204	14151
20200205	11604
20200206	11544
20200207	10896
20200208	136
20200209	96
20200210	13651
20200211	13332
20200212	11840
20200213	11139
20200214	11046
20200215	143
20200216	87
20200217	14366
20200218	12979
20200219	10974
20200220	11198
20200221	11001
20200222	158
20200223	353
20200224	13793
20200225	12207
20200226	10697
20200227	11850
20200228	10769
20200229	110
20200301	77
20200302	14294
20200303	13357
20200304	11519
20200305	11186
20200306	11179
20200307	68
20200308	473
20200309	15242
20200310	12797
20200311	12073
20200312	11065
20200313	11380
20200314	88
20200315	379
20200316	17401
20200317	15186
20200318	13935
20200319	12861
20200320	12434
20200321	174
20200322	176
20200323	16708
20200324	14707
20200325	11745
20200326	10639
20200327	9918
20200328	146
20200329	227
20200330	14984
20200331	12615
20200401	11020
20200402	10171
20200403	11345
20200404	118
20200405	195
20200406	16745
20200407	13011
20200408	11919
20200409	10101
20200410	6439
20200411	109
20200412	107
20200413	7677
20200414	13029
20200415	11517
20200416	9802
20200417	11111
20200418	132
20200419	134
20200420	14062
20200421	11608
20200422	10686
20200423	9122
20200424	9962
20200425	134
20200426	139
20200427	14687
20200428	10792
20200429	9808
20200430	10215
20200501	9917
20200502	133
20200503	131
20200504	14734
20200505	10830
20200506	10219
20200507	9997
20200508	4867
20200509	88
20200510	157
20200511	15083
20200512	12361
20200513	10490
20200514	10250
20200515	9634
20200516	109
20200517	113
20200518	14204
20200519	12273
20200520	10017
20200521	9672
20200522	7446
20200523	135
20200524	113
20200525	3192
20200526	5219
20200527	2533
20200528	2510
20200529	2179
20200530	87
20200531	80
20200601	1891
20200602	2473
20200603	2019
20200604	2088
20200605	2005
20200606	65
20200607	49
20200608	1390
20200609	1622
20200610	1505
20200611	1681
20200612	1598
20200613	63
20200614	54
20200615	1011
20200616	1143
20200617	938
20200618	1167
20200619	1055
20200620	28
20200621	13
20200622	913
20200623	785
20200624	777
20200625	1051
20200626	818
20200627	12
20200628	2
20200629	770
20200630	618
20200701	656
20200702	917
20200703	782
20200704	11
20200705	2
20200706	758
20200707	602
20200708	614
20200709	794
20200710	688
20200711	15
20200712	1
20200713	492
20200714	617
20200715	440
20200716	704
20200717	588
20200718	1
20200719	9
20200720	594
20200721	409
20200722	359
20200723	674
20200724	410
20200727	480
20200728	328
20200729	308
20200730	514
20200731	398
20200802	2
20200803	451
20200804	264
20200805	320
20200806	369
20200807	346
20200808	9
20200809	1
20200810	262
20200811	316
20200812	148
20200813	244
20200814	249
20200817	363
20200818	221
20200819	142
20200820	297
20200821	144
20200823	1
20200824	305
20200825	153
20200826	143
20200827	281
20200828	174
20200829	1
20200831	320
20200901	192
20200902	208
20200903	206
20200904	219
20200905	9
20200907	172
20200908	235
20200909	124
20200910	215
20200911	204
20200914	341
20200915	185
20200916	123
20200917	226
20200918	122
20200921	252
20200922	117
20200923	118
20200924	221
20200925	132
20200928	226
20200929	150
20200930	135
20201001	163
20201002	125
20201005	99
20201006	154
20201007	93
20201008	179
20201009	108
20201010	1
20201012	138
20201013	111
20201014	63
20201015	102
20201016	78
20201018	1
20201019	137
20201020	65
20201021	85
20201022	108
20201023	63
20201026	134
20201027	95
20201028	65
20201029	104
20201030	75
20201102	50
20201103	83
20201104	48
20201105	83
20201106	90
20201109	91
20201110	74
20201111	35
20201112	28
20201113	42
20201116	115
20201117	36
20201118	36
20201119	58
20201120	58
20201121	1
20201123	79
20201124	47
20201125	36
20201126	54
20201127	35
20201129	1
20201130	34
20201201	49
20201202	30
20201203	43
20201204	76
20201206	1
20201207	83
20201208	53
20201209	26
20201210	23
20201211	40
20201214	103
20201215	27
20201216	28
20201217	39
20201218	53
20201221	58
20201222	43
20201223	28
20201224	49
20201225	30
20201228	30
20201229	52
20201230	30
20201231	47
20210101	77
20210104	49
20210105	54
20210106	27
20210107	15
20210108	24
20210111	91
20210112	32
20210113	26
20210114	36
20210115	38
20210118	58
20210119	37
20210120	23
20210121	49
20210122	20
20210125	24
20210126	51
20210127	30
20210128	39
20210129	42
20210201	41
20210202	44
20210203	24
20210204	5
20210205	25
20210206	1
20210208	78
20210209	13
20210210	18
20210211	26
20210212	33
20210215	48
20210216	18
20210217	22
20210218	44
20210219	21
20210222	18
20210223	28
20210224	24
20210225	16
20210226	23
20210301	40
20210302	32
20210303	20
20210304	5
20210305	17
20210308	76
20210309	10
20210310	17
20210311	26
20210312	31
20210315	40
20210316	7
20210317	12
20210318	38
20210319	17
20210322	15
20210323	14
20210324	16
20210325	14
20210326	15
20210329	25
20210330	26
20210331	8
20210401	1
20210402	13
20210405	18
20210406	4
20210407	1
20210408	3
20210409	2
20210412	18
20210413	1
20210414	7
20210415	11
20210416	5
20210419	10
20210420	3
20210421	9
20210422	3
20210427	1
20210504	1
20210511	1
20210518	1
20210606	1
21060503	4
21991021	4
21991028	4
21991104	4
21991111	4