20100102	44
20100103	110
20100104	4519
20100105	1417
20100106	2000
20100107	3190
20100108	3125
20100109	84
20100110	190
20100111	6007
20100112	5588
20100113	5105
20100114	5270
20100115	5329
20100116	91
20100117	36
20100118	6259
20100119	5918
20100120	5624
20100121	4908
20100122	5294
20100123	129
20100124	63
20100125	7363
20100126	6117
20100127	6063
20100128	6575
20100129	5040
20100130	175
20100131	124
20100201	5818
20100202	7070
20100203	4991
20100204	5657
20100205	5143
20100206	123
20100207	29
20100208	6200
20100209	5728
20100210	5264
20100211	5808
20100212	5188
20100213	104
20100214	62
20100215	5926
20100216	5371
20100217	5462
20100218	4903
20100219	4139
20100220	109
20100221	50
20100222	6107
20100223	5426
20100224	4939
20100225	5388
20100226	5437
20100227	290
20100228	233
20100301	6636
20100302	5943
20100303	4917
20100304	5556
20100305	4703
20100306	119
20100307	66
20100308	6641
20100309	4951
20100310	5087
20100311	6367
20100312	4786
20100313	93
20100314	39
20100315	7179
20100316	5464
20100317	5113
20100318	4959
20100319	4875
20100320	110
20100321	41
20100322	6356
20100323	5535
20100324	5292
20100325	5685
20100326	4673
20100327	142
20100328	274
20100329	5949
20100330	5586
20100331	5335
20100401	5353
20100402	28
20100403	37
20100404	18
20100405	26
20100406	4501
20100407	5671
20100408	4731
20100409	4511
20100410	123
20100411	41
20100412	5450
20100413	6017
20100414	4356
20100415	5198
20100416	4899
20100417	97
20100418	29
20100419	5492
20100420	5286
20100421	5232
20100422	5321
20100423	5009
20100424	77
20100425	35
20100426	5834
20100427	4619
20100428	5042
20100429	4695
20100430	4837
20100501	205
20100502	35
20100503	74
20100504	5419
20100505	5847
20100506	6758
20100507	4878
20100508	116
20100509	42
20100510	5530
20100511	5159
20100512	5079
20100513	5925
20100514	4821
20100515	87
20100516	31
20100517	7097
20100518	5374
20100519	4428
20100520	4454
20100521	4727
20100522	108
20100523	61
20100524	5727
20100525	5445
20100526	5223
20100527	4410
20100528	4133
20100529	39
20100530	143
20100531	25
20100601	5443
20100602	4409
20100603	5802
20100604	3869
20100605	122
20100606	49
20100607	5240
20100608	5023
20100609	5041
20100610	5304
20100611	4638
20100612	123
20100613	37
20100614	5334
20100615	5032
20100616	4655
20100617	5114
20100618	4185
20100619	102
20100620	39
20100621	5632
20100622	5219
20100623	4882
20100624	4891
20100625	4519
20100626	85
20100627	20
20100628	6010
20100629	5100
20100630	5132
20100701	5880
20100702	4348
20100703	188
20100704	36
20100705	5868
20100706	5897
20100707	5608
20100708	4772
20100709	4906
20100710	69
20100711	27
20100712	5735
20100713	4582
20100714	4861
20100715	3749
20100716	4311
20100717	60
20100718	43
20100719	5508
20100720	5289
20100721	5174
20100722	5062
20100723	4545
20100724	75
20100725	61
20100726	6375
20100727	5042
20100728	4609
20100729	4897
20100730	4241
20100731	159
20100801	116
20100802	5440
20100803	4356
20100804	4258
20100805	4624
20100806	3845
20100807	133
20100808	62
20100809	5541
20100810	4718
20100811	4340
20100812	4844
20100813	4287
20100814	132
20100815	154
20100816	5556
20100817	4944
20100818	4473
20100819	5495
20100820	6844
20100821	65
20100822	16
20100823	5674
20100824	5147
20100825	4192
20100826	5042
20100827	3881
20100828	70
20100829	41
20100830	63
20100831	4965
20100901	6292
20100902	5132
20100903	4721
20100904	131
20100905	47
20100906	6572
20100907	5863
20100908	4806
20100909	5643
20100910	4530
20100911	193
20100912	177
20100913	6318
20100914	6885
20100915	5167
20100916	5476
20100917	4677
20100918	181
20100919	80
20100920	6315
20100921	6111
20100922	4488
20100923	5216
20100924	4822
20100925	75
20100926	47
20100927	5861
20100928	5696
20100929	5258
20100930	5242
20101001	4699
20101002	199
20101003	187
20101004	5411
20101005	5293
20101006	4560
20101007	5470
20101008	4307
20101009	524
20101010	62
20101011	6246
20101012	5521
20101013	5178
20101014	6220
20101015	5736
20101016	450
20101017	39
20101018	6280
20101019	5656
20101020	4668
20101021	5543
20101022	4872
20101023	353
20101024	90
20101025	5862
20101026	5610
20101027	4783
20101028	5371
20101029	3974
20101030	227
20101031	58
20101101	5819
20101102	6025
20101103	4489
20101104	5010
20101105	4639
20101106	159
20101107	54
20101108	6443
20101109	5641
20101110	4641
20101111	5156
20101112	4805
20101113	218
20101114	161
20101115	5515
20101116	6021
20101117	4208
20101118	4862
20101119	5110
20101120	164
20101121	266
20101122	7298
20101123	5850
20101124	4687
20101125	4198
20101126	4317
20101127	114
20101128	52
20101129	5543
20101130	5423
20101201	3513
20101202	4447
20101203	3609
20101204	119
20101205	35
20101206	4999
20101207	4810
20101208	4977
20101209	5034
20101210	3903
20101211	211
20101212	39
20101213	5386
20101214	4870
20101215	4668
20101216	4861
20101217	4738
20101218	107
20101219	46
20101220	5199
20101221	5325
20101222	3819
20101223	3903
20101224	1976
20101225	41
20101226	31
20101227	54
20101228	38
20101229	3329
20101230	3640
20101231	2343
20110101	913
20110102	47
20110103	121
20110104	4873
20110105	5057
20110106	7021
20110107	4908
20110108	101
20110109	42
20110110	6058
20110111	5958
20110112	4901
20110113	5376
20110114	5332
20110115	130
20110116	59
20110117	6786
20110118	6091
20110119	4800
20110120	5665
20110121	5302
20110122	58
20110123	42
20110124	7040
20110125	6052
20110126	5826
20110127	6447
20110128	5479
20110129	192
20110130	50
20110131	6484
20110201	6598
20110202	5112
20110203	5528
20110204	5266
20110205	138
20110206	47
20110207	5960
20110208	5850
20110209	5577
20110210	5583
20110211	4761
20110212	183
20110213	41
20110214	5735
20110215	6114
20110216	5453
20110217	5993
20110218	5776
20110219	152
20110220	51
20110221	6860
20110222	5742
20110223	4609
20110224	5192
20110225	4919
20110226	87
20110227	177
20110228	6547
20110301	6982
20110302	4472
20110303	6353
20110304	5017
20110305	118
20110306	130
20110307	6196
20110308	7567
20110309	4895
20110310	6269
20110311	4565
20110312	155
20110313	84
20110314	6260
20110315	8026
20110316	5948
20110317	5454
20110318	6062
20110319	161
20110320	43
20110321	6214
20110322	5838
20110323	5231
20110324	6288
20110325	4774
20110326	490
20110327	45
20110328	5583
20110329	6880
20110330	4962
20110331	5383
20110401	5828
20110402	149
20110403	35
20110404	6934
20110405	5735
20110406	5030
20110407	7394
20110408	4863
20110409	105
20110410	53
20110411	5793
20110412	5543
20110413	5701
20110414	4553
20110415	6254
20110416	372
20110417	81
20110418	7335
20110419	5234
20110420	6380
20110421	4880
20110422	49
20110423	54
20110424	32
20110425	106
20110426	4360
20110427	4961
20110428	4664
20110429	50
20110430	73
20110501	204
20110502	65
20110503	7474
20110504	5437
20110505	5290
20110506	5126
20110507	97
20110508	50
20110509	5674
20110510	4907
20110511	5909
20110512	5136
20110513	4670
20110514	99
20110515	68
20110516	5924
20110517	6812
20110518	5479
20110519	4841
20110520	5129
20110521	86
20110522	28
20110523	6187
20110524	5551
20110525	4937
20110526	5331
20110527	4603
20110528	208
20110529	69
20110530	161
20110531	5842
20110601	4567
20110602	5952
20110603	4595
20110604	262
20110605	46
20110606	5548
20110607	5948
20110608	5192
20110609	5653
20110610	4909
20110611	58
20110612	31
20110613	8526
20110614	5842
20110615	5060
20110616	5275
20110617	6435
20110618	122
20110619	43
20110620	5961
20110621	5355
20110622	4803
20110623	5339
20110624	4728
20110625	113
20110626	183
20110627	5668
20110628	5276
20110629	4752
20110630	6620
20110701	4387
20110702	209
20110703	169
20110704	5456
20110705	6452
20110706	4945
20110707	6021
20110708	4933
20110709	246
20110710	42
20110711	5685
20110712	5762
20110713	5294
20110714	4952
20110715	4486
20110716	221
20110717	529
20110718	5300
20110719	5784
20110720	6174
20110721	5497
20110722	4123
20110723	359
20110724	32
20110725	5525
20110726	6368
20110727	4772
20110728	5258
20110729	3955
20110730	347
20110731	34
20110801	5818
20110802	5241
20110803	5227
20110804	5119
20110805	4481
20110806	153
20110807	24
20110808	6141
20110809	4697
20110810	5652
20110811	5223
20110812	4926
20110813	208
20110814	173
20110815	5412
20110816	6579
20110817	5950
20110818	5189
20110819	4830
20110820	252
20110821	27
20110822	5773
20110823	6853
20110824	4501
20110825	5755
20110826	5233
20110827	201
20110828	166
20110829	30
20110830	4964
20110831	4801
20110901	5237
20110902	4457
20110903	220
20110904	432
20110905	6449
20110906	5656
20110907	4508
20110908	6199
20110909	4999
20110910	85
20110911	399
20110912	5946
20110913	5518
20110914	4931
20110915	5750
20110916	5323
20110917	269
20110918	83
20110919	6585
20110920	5702
20110921	6747
20110922	6139
20110923	4741
20110924	82
20110925	193
20110926	9411
20110927	7216
20110928	4615
20110929	6007
20110930	4132
20111001	546
20111002	53
20111003	6941
20111004	7645
20111005	5126
20111006	7007
20111007	4142
20111008	93
20111009	100
20111010	8448
20111011	6302
20111012	4690
20111013	5965
20111014	4527
20111015	286
20111016	187
20111017	6999
20111018	5504
20111019	5006
20111020	4766
20111021	4109
20111022	283
20111023	32
20111024	5216
20111025	5144
20111026	4766
20111027	5813
20111028	4462
20111029	128
20111030	200
20111031	6836
20111101	5687
20111102	5231
20111103	7934
20111104	5298
20111105	252
20111106	53
20111107	5905
20111108	5939
20111109	6767
20111110	6367
20111111	5192
20111112	125
20111113	37
20111114	6032
20111115	5613
20111116	5076
20111117	6162
20111118	4473
20111119	194
20111120	45
20111121	7213
20111122	5900
20111123	5625
20111124	5962
20111125	4766
20111126	253
20111127	175
20111128	9974
20111129	5903
20111130	4585
20111201	5151
20111202	4386
20111203	505
20111204	41
20111205	6603
20111206	5295
20111207	4623
20111208	5257
20111209	4025
20111210	97
20111211	30
20111212	5398
20111213	5358
20111214	5539
20111215	5320
20111216	4719
20111217	325
20111218	47
20111219	5400
20111220	5201
20111221	4432
20111222	5191
20111223	3757
20111224	192
20111225	13
20111226	138
20111227	37
20111228	3484
20111229	3678
20111230	3417
20111231	76
20120101	1080
20120102	532
20120103	5730
20120104	5264
20120105	6396
20120106	5059
20120107	219
20120108	48
20120109	7298
20120110	6888
20120111	5127
20120112	6234
20120113	5406
20120114	298
20120115	36
20120116	8021
20120117	6109
20120118	6000
20120119	8029
20120120	5552
20120121	212
20120122	62
20120123	6563
20120124	6693
20120125	7307
20120126	7154
20120127	5588
20120128	154
20120129	80
20120130	6590
20120131	6164
20120201	6580
20120202	5960
20120203	5293
20120204	206
20120205	392
20120206	6172
20120207	6073
20120208	6989
20120209	7933
20120210	6961
20120211	356
20120212	32
20120213	6192
20120214	5783
20120215	5019
20120216	5648
20120217	5331
20120218	325
20120219	33
20120220	6762
20120221	5790
20120222	5382
20120223	5815
20120224	5232
20120225	255
20120226	31
20120227	6998
20120228	6154
20120229	5295
20120301	7130
20120302	6369
20120303	227
20120304	376
20120305	6267
20120306	5797
20120307	5481
20120308	6689
20120309	5050
20120310	494
20120311	57
20120312	7719
20120313	6786
20120314	6232
20120315	6452
20120316	5008
20120317	480
20120318	37
20120319	6650
20120320	7505
20120321	7049
20120322	6271
20120323	6423
20120324	421
20120325	162
20120326	6208
20120327	6047
20120328	7310
20120329	5882
20120330	4734
20120331	339
20120401	215
20120402	5868
20120403	5529
20120404	4522
20120405	5096
20120406	174
20120407	55
20120408	157
20120409	92
20120410	4431
20120411	5320
20120412	5212
20120413	4972
20120414	211
20120415	165
20120416	6051
20120417	5413
20120418	5722
20120419	6016
20120420	5588
20120421	258
20120422	49
20120423	6535
20120424	6328
20120425	4929
20120426	5264
20120427	6448
20120428	456
20120429	292
20120430	6567
20120501	7386
20120502	5832
20120503	4898
20120504	4387
20120505	123
20120506	27
20120507	157
20120508	5570
20120509	5526
20120510	5400
20120511	5196
20120512	491
20120513	152
20120514	6274
20120515	6279
20120516	5663
20120517	5692
20120518	4698
20120519	305
20120520	38
20120521	6547
20120522	6271
20120523	7407
20120524	5504
20120525	4263
20120526	226
20120527	500
20120528	6325
20120529	6608
20120530	5889
20120531	5744
20120601	5426
20120602	288
20120603	73
20120604	38
20120605	151
20120606	4932
20120607	5765
20120608	5127
20120609	83
20120610	28
20120611	5798
20120612	6102
20120613	7892
20120614	5685
20120615	5714
20120616	180
20120617	40
20120618	6688
20120619	7224
20120620	5823
20120621	8354
20120622	4873
20120623	476
20120624	48
20120625	5625
20120626	5269
20120627	5428
20120628	5858
20120629	4285
20120630	255
20120701	343
20120702	6660
20120703	8402
20120704	5358
20120705	6172
20120706	5707
20120707	103
20120708	25
20120709	6279
20120710	5724
20120711	5146
20120712	5746
20120713	4889
20120714	257
20120715	354
20120716	6317
20120717	6207
20120718	4844
20120719	5661
20120720	4368
20120721	195
20120722	176
20120723	6248
20120724	5320
20120725	5835
20120726	5716
20120727	4891
20120728	206
20120729	166
20120730	7187
20120731	6195
20120801	5870
20120802	5303
20120803	5575
20120804	150
20120805	67
20120806	5424
20120807	4965
20120808	4895
20120809	5786
20120810	4051
20120811	192
20120812	33
20120813	5802
20120814	5773
20120815	6211
20120816	5420
20120817	5179
20120818	241
20120819	33
20120820	6418
20120821	4947
20120822	6215
20120823	5705
20120824	4553
20120825	207
20120826	157
20120827	184
20120828	5774
20120829	5570
20120830	5658
20120831	4481
20120901	613
20120902	30
20120903	6176
20120904	6290
20120905	5353
20120906	5125
20120907	4977
20120908	329
20120909	31
20120910	6317
20120911	5800
20120912	6190
20120913	6225
20120914	5266
20120915	258
20120916	132
20120917	7245
20120918	5817
20120919	4947
20120920	6384
20120921	5052
20120922	225
20120923	94
20120924	6775
20120925	5947
20120926	5594
20120927	6749
20120928	5119
20120929	260
20120930	144
20121001	7788
20121002	6279
20121003	6564
20121004	6495
20121005	6636
20121006	395
20121007	52
20121008	7030
20121009	6858
20121010	6175
20121011	7162
20121012	5538
20121013	167
20121014	78
20121015	7457
20121016	6354
20121017	6253
20121018	6204
20121019	6492
20121020	415
20121021	34
20121022	7777
20121023	7587
20121024	5272
20121025	6544
20121026	5073
20121027	271
20121028	125
20121029	6301
20121030	5474
20121031	5220
20121101	5962
20121102	4808
20121103	423
20121104	52
20121105	6125
20121106	5601
20121107	5914
20121108	6653
20121109	5230
20121110	132
20121111	192
20121112	7970
20121113	6268
20121114	6635
20121115	6133
20121116	5061
20121117	177
20121118	28
20121119	7336
20121120	5953
20121121	6200
20121122	7487
20121123	5347
20121124	335
20121125	47
20121126	6555
20121127	5961
20121128	6239
20121129	5345
20121130	4664
20121201	646
20121202	187
20121203	6318
20121204	6521
20121205	5604
20121206	7278
20121207	5531
20121208	87
20121209	35
20121210	5766
20121211	6875
20121212	5887
20121213	6301
20121214	4739
20121215	100
20121216	52
20121217	7542
20121218	5617
20121219	4925
20121220	6230
20121221	4301
20121222	111
20121223	60
20121224	3064
20121225	30
20121226	29
20121227	4044
20121228	3279
20121229	65
20121230	47
20121231	3802
20130101	2108
20130102	4974
20130103	6501
20130104	5620
20130105	89
20130106	84
20130107	7784
20130108	6742
20130109	6326
20130110	6418
20130111	6340
20130112	92
20130113	53
20130114	7145
20130115	6806
20130116	5968
20130117	9448
20130118	6441
20130119	335
20130120	362
20130121	8272
20130122	7166
20130123	7203
20130124	8075
20130125	6594
20130126	137
20130127	61
20130128	7067
20130129	6384
20130130	7786
20130131	7633
20130201	9425
20130202	316
20130203	187
20130204	7412
20130205	6359
20130206	5774
20130207	8240
20130208	7160
20130209	235
20130210	47
20130211	6354
20130212	7284
20130213	7319
20130214	8424
20130215	5799
20130216	127
20130217	56
20130218	7513
20130219	7921
20130220	7316
20130221	7242
20130222	5701
20130223	141
20130224	205
20130225	7818
20130226	7129
20130227	6334
20130228	6328
20130301	7182
20130302	188
20130303	43
20130304	7499
20130305	6883
20130306	7026
20130307	6926
20130308	5425
20130309	147
20130310	181
20130311	7976
20130312	6496
20130313	6103
20130314	6917
20130315	6185
20130316	373
20130317	44
20130318	6620
20130319	6732
20130320	5312
20130321	6346
20130322	5787
20130323	207
20130324	131
20130325	5907
20130326	6878
20130327	5684
20130328	7161
20130329	65
20130330	630
20130331	38
20130401	1441
20130402	5371
20130403	4976
20130404	7079
20130405	6171
20130406	274
20130407	47
20130408	6997
20130409	6501
20130410	5846
20130411	5778
20130412	6712
20130413	230
20130414	54
20130415	8472
20130416	6493
20130417	6096
20130418	5729
20130419	5649
20130420	333
20130421	165
20130422	6827
20130423	6267
20130424	5639
20130425	6209
20130426	4698
20130427	249
20130428	159
20130429	6559
20130430	6170
20130501	6680
20130502	8862
20130503	5569
20130504	229
20130505	37
20130506	437
20130507	5476
20130508	6118
20130509	7696
20130510	5443
20130511	256
20130512	39
20130513	7896
20130514	6394
20130515	9999
20130516	5455
20130517	6152
20130518	125
20130519	42
20130520	7442
20130521	5491
20130522	5499
20130523	9338
20130524	4735
20130525	201
20130526	34
20130527	415
20130528	4938
20130529	5815
20130530	5744
20130531	5295
20130601	905
20130602	272
20130603	6971
20130604	5494
20130605	5316
20130606	5812
20130607	4949
20130608	65
20130609	170
20130610	7312
20130611	7482
20130612	5610
20130613	5875
20130614	5560
20130615	242
20130616	32
20130617	7078
20130618	6080
20130619	5210
20130620	7521
20130621	5501
20130622	73
20130623	66
20130624	6417
20130625	6291
20130626	6292
20130627	5911
20130628	5233
20130629	303
20130630	381
20130701	6807
20130702	6301
20130703	6322
20130704	7630
20130705	4237
20130706	275
20130707	152
20130708	9229
20130709	6432
20130710	5702
20130711	6523
20130712	5230
20130713	146
20130714	168
20130715	8221
20130716	6083
20130717	6259
20130718	5667
20130719	5234
20130720	81
20130721	65
20130722	7349
20130723	6614
20130724	5667
20130725	6918
20130726	4509
20130727	371
20130728	186
20130729	6856
20130730	6876
20130731	6013
20130801	6158
20130802	5812
20130803	605
20130804	287
20130805	6642
20130806	6061
20130807	6380
20130808	5638
20130809	4872
20130810	320
20130811	1651
20130812	6146
20130813	5503
20130814	6412
20130815	8586
20130816	5500
20130817	147
20130818	61
20130819	7194
20130820	5787
20130821	5572
20130822	6364
20130823	5602
20130824	39
20130825	155
20130826	474
20130827	6107
20130828	8026
20130829	7531
20130830	5516
20130831	101
20130901	347
20130902	7669
20130903	7430
20130904	5588
20130905	9543
20130906	6222
20130907	391
20130908	174
20130909	6472
20130910	7864
20130911	7708
20130912	6715
20130913	5274
20130914	234
20130915	372
20130916	6118
20130917	7993
20130918	6665
20130919	6380
20130920	6188
20130921	253
20130922	203
20130923	7000
20130924	6553
20130925	7465
20130926	6207
20130927	5509
20130928	227
20130929	67
20130930	8393
20131001	8042
20131002	7861
20131003	7551
20131004	5805
20131005	541
20131006	348
20131007	7708
20131008	8493
20131009	6110
20131010	8066
20131011	5529
20131012	509
20131013	228
20131014	6810
20131015	6471
20131016	6784
20131017	6547
20131018	5937
20131019	545
20131020	76
20131021	6966
20131022	7061
20131023	7676
20131024	6423
20131025	6166
20131026	253
20131027	380
20131028	6357
20131029	6511
20131030	5598
20131031	5603
20131101	6494
20131102	111
20131103	170
20131104	8192
20131105	6496
20131106	6840
20131107	8007
20131108	6140
20131109	106
20131110	193
20131111	6389
20131112	6027
20131113	7706
20131114	7975
20131115	5939
20131116	83
20131117	164
20131118	6966
20131119	6590
20131120	5613
20131121	5163
20131122	4735
20131123	441
20131124	131
20131125	7798
20131126	6085
20131127	6268
20131128	5427
20131129	5358
20131130	250
20131201	434
20131202	6813
20131203	7801
20131204	6017
20131205	7484
20131206	5259
20131207	110
20131208	204
20131209	6406
20131210	5711
20131211	6547
20131212	7705
20131213	5320
20131214	247
20131215	58
20131216	6809
20131217	6042
20131218	5831
20131219	6518
20131220	5279
20131221	70
20131222	43
20131223	5240
20131224	2936
20131225	29
20131226	48
20131227	3382
20131228	244
20131229	273
20131230	4747
20131231	3516
20140101	801
20140102	4482
20140103	5053
20140104	449
20140105	542
20140106	7193
20140107	6989
20140108	7077
20140109	8173
20140110	6799
20140111	305
20140112	40
20140113	9568
20140114	6677
20140115	7308
20140116	8193
20140117	5816
20140118	234
20140119	96
20140120	8066
20140121	7032
20140122	7260
20140123	7229
20140124	6103
20140125	290
20140126	65
20140127	7618
20140128	8495
20140129	6712
20140130	7206
20140131	5396
20140201	775
20140202	188
20140203	7222
20140204	7606
20140205	7597
20140206	7219
20140207	6176
20140208	233
20140209	137
20140210	7794
20140211	6014
20140212	6712
20140213	6599
20140214	7223
20140215	134
20140216	215
20140217	7063
20140218	6036
20140219	5828
20140220	6463
20140221	5388
20140222	147
20140223	233
20140224	7672
20140225	6750
20140226	6812
20140227	7179
20140228	6183
20140301	1079
20140302	273
20140303	7718
20140304	6105
20140305	12246
20140306	8171
20140307	7197
20140308	306
20140309	56
20140310	12450
20140311	9281
20140312	7799
20140313	9395
20140314	5634
20140315	794
20140316	436
20140317	7292
20140318	6549
20140319	7790
20140320	6666
20140321	5157
20140322	242
20140323	85
20140324	7938
20140325	8280
20140326	7481
20140327	7609
20140328	5925
20140329	126
20140330	183
20140331	7578
20140401	6798
20140402	6899
20140403	6549
20140404	5255
20140405	111
20140406	47
20140407	6743
20140408	6753
20140409	7734
20140410	7109
20140411	4908
20140412	390
20140413	285
20140414	7190
20140415	5264
20140416	5912
20140417	5343
20140418	137
20140419	85
20140420	44
20140421	101
20140422	5201
20140423	5660
20140424	6108
20140425	6095
20140426	230
20140427	402
20140428	8796
20140429	7444
20140430	6074
20140501	6992
20140502	4467
20140503	90
20140504	428
20140505	234
20140506	6594
20140507	6655
20140508	6990
20140509	5705
20140510	232
20140511	65
20140512	7482
20140513	8460
20140514	9341
20140515	6918
20140516	5054
20140517	118
20140518	145
20140519	10111
20140520	6752
20140521	6846
20140522	7361
20140523	5435
20140524	130
20140525	433
20140526	124
20140527	6147
20140528	5844
20140529	6472
20140530	5519
20140531	492
20140601	566
20140602	7170
20140603	6419
20140604	6824
20140605	6046
20140606	6182
20140607	137
20140608	285
20140609	6496
20140610	6363
20140611	6464
20140612	6322
20140613	5153
20140614	106
20140615	60
20140616	8811
20140617	7205
20140618	6514
20140619	6357
20140620	5383
20140621	103
20140622	479
20140623	7396
20140624	7935
20140625	5720
20140626	7495
20140627	5823
20140628	369
20140629	169
20140630	6298
20140701	8272
20140702	7117
20140703	7726
20140704	4827
20140705	173
20140706	281
20140707	7867
20140708	6962
20140709	8177
20140710	6647
20140711	5789
20140712	251
20140713	36
20140714	6952
20140715	7059
20140716	4993
20140717	7030
20140718	4897
20140719	212
20140720	176
20140721	7373
20140722	5786
20140723	5658
20140724	7379
20140725	4428
20140726	77
20140727	426
20140728	6165
20140729	6252
20140730	6633
20140731	7097
20140801	5276
20140802	324
20140803	46
20140804	6473
20140805	7095
20140806	6094
20140807	6169
20140808	5617
20140809	231
20140810	39
20140811	7399
20140812	7473
20140813	5367
20140814	6483
20140815	4586
20140816	88
20140817	181
20140818	6801
20140819	5777
20140820	4974
20140821	5644
20140822	5531
20140823	290
20140824	331
20140825	461
20140826	6226
20140827	5148
20140828	6028
20140829	4734
20140830	567
20140831	213
20140901	7510
20140902	6106
20140903	9771
20140904	7263
20140905	5100
20140906	508
20140907	210
20140908	6234
20140909	5911
20140910	5534
20140911	6525
20140912	6321
20140913	152
20140914	240
20140915	7912
20140916	6192
20140917	6243
20140918	6791
20140919	6565
20140920	801
20140921	70
20140922	7071
20140923	6371
20140924	5918
20140925	6913
20140926	5272
20140927	160
20140928	816
20140929	7361
20140930	6845
20141001	9361
20141002	6426
20141003	5378
20141004	842
20141005	706
20141006	8667
20141007	7961
20141008	9738
20141009	9280
20141010	5010
20141011	193
20141012	168
20141013	8579
20141014	9238
20141015	5160
20141016	7970
20141017	6101
20141018	106
20141019	158
20141020	7990
20141021	5970
20141022	6215
20141023	7878
20141024	4525
20141025	254
20141026	290
20141027	7499
20141028	6005
20141029	5320
20141030	8111
20141031	4472
20141101	877
20141102	239
20141103	7866
20141104	15177
20141105	6458
20141106	6823
20141107	5583
20141108	818
20141109	122
20141110	7400
20141111	6192
20141112	5846
20141113	7131
20141114	5835
20141115	306
20141116	894
20141117	7979
20141118	7391
20141119	6660
20141120	7583
20141121	5754
20141122	71
20141123	164
20141124	6876
20141125	7204
20141126	5379
20141127	7998
20141128	5291
20141129	364
20141130	313
20141201	7169
20141202	5591
20141203	5161
20141204	7478
20141205	5007
20141206	527
20141207	312
20141208	7100
20141209	6252
20141210	5761
20141211	8879
20141212	6553
20141213	100
20141214	163
20141215	9680
20141216	7185
20141217	7577
20141218	6125
20141219	4761
20141220	78
20141221	346
20141222	6236
20141223	5752
20141224	4685
20141225	16
20141226	37
20141227	288
20141228	765
20141229	4712
20141230	3913
20141231	3498
20150101	1198
20150102	4105
20150103	489
20150104	412
20150105	7146
20150106	6669
20150107	6646
20150108	6859
20150109	6285
20150110	703
20150111	529
20150112	9939
20150113	7766
20150114	6625
20150115	7967
20150116	9612
20150117	591
20150118	564
20150119	7805
20150120	8085
20150121	8613
20150122	8453
20150123	6640
20150124	347
20150125	431
20150126	9094
20150127	9861
20150128	6032
20150129	6298
20150130	5538
20150131	270
20150201	560
20150202	9118
20150203	8468
20150204	8953
20150205	8655
20150206	6284
20150207	844
20150208	446
20150209	8580
20150210	8823
20150211	10105
20150212	10204
20150213	6062
20150214	260
20150215	1082
20150216	7062
20150217	5517
20150218	6843
20150219	7589
20150220	5902
20150221	314
20150222	920
20150223	9061
20150224	7079
20150225	6905
20150226	11694
20150227	8303
20150228	168
20150301	1145
20150302	8213
20150303	10133
20150304	9294
20150305	6910
20150306	9167
20150307	1088
20150308	501
20150309	9080
20150310	12404
20150311	8578
20150312	7292
20150313	7807
20150314	373
20150315	548
20150316	11259
20150317	8862
20150318	9900
20150319	10642
20150320	5711
20150321	2423
20150322	5029
20150323	12120
20150324	8983
20150325	6323
20150326	8009
20150327	7452
20150328	328
20150329	254
20150330	9235
20150331	8317
20150401	11091
20150402	5998
20150403	322
20150404	637
20150405	480
20150406	246
20150407	6132
20150408	6162
20150409	7277
20150410	6758
20150411	381
20150412	116
20150413	8406
20150414	9381
20150415	5564
20150416	15520
20150417	5745
20150418	236
20150419	292
20150420	8246
20150421	9512
20150422	5920
20150423	8230
20150424	7001
20150425	373
20150426	379
20150427	11067
20150428	7978
20150429	6312
20150430	8444
20150501	6711
20150502	573
20150503	472
20150504	445
20150505	7056
20150506	12314
20150507	8738
20150508	6403
20150509	151
20150510	434
20150511	10608
20150512	6337
20150513	10048
20150514	9735
20150515	6189
20150516	218
20150517	131
20150518	11953
20150519	9284
20150520	6469
20150521	9111
20150522	7129
20150523	213
20150524	187
20150525	163
20150526	8754
20150527	6267
20150528	6735
20150529	6461
20150530	592
20150531	54
20150601	8827
20150602	7116
20150603	6820
20150604	10298
20150605	5581
20150606	805
20150607	749
20150608	6883
20150609	7870
20150610	6142
20150611	7495
20150612	6279
20150613	421
20150614	49
20150615	8292
20150616	7015
20150617	5816
20150618	6912
20150619	5824
20150620	532
20150621	534
20150622	10455
20150623	8623
20150624	6720
20150625	6797
20150626	5913
20150627	232
20150628	428
20150629	6932
20150630	9227
20150701	6368
20150702	10879
20150703	5762
20150704	58
20150705	315
20150706	6954
20150707	8660
20150708	6290
20150709	6915
20150710	6130
20150711	490
20150712	411
20150713	9978
20150714	7295
20150715	7302
20150716	9614
20150717	7706
20150718	462
20150719	157
20150720	10265
20150721	11510
20150722	8216
20150723	7904
20150724	5585
20150725	533
20150726	396
20150727	7997
20150728	9505
20150729	5600
20150730	7722
20150731	5335
20150801	677
20150802	401
20150803	7090
20150804	7965
20150805	6458
20150806	6199
20150807	5113
20150808	610
20150809	281
20150810	6355
20150811	10055
20150812	9277
20150813	8968
20150814	5799
20150815	740
20150816	309
20150817	7110
20150818	8867
20150819	6834
20150820	13702
20150821	4788
20150822	560
20150823	193
20150824	6912
20150825	10683
20150826	11888
20150827	6675
20150828	5306
20150829	387
20150830	306
20150831	492
20150901	9102
20150902	6477
20150903	6184
20150904	5496
20150905	514
20150906	269
20150907	9709
20150908	7873
20150909	6209
20150910	10898
20150911	7270
20150912	586
20150913	163
20150914	7477
20150915	9450
20150916	6257
20150917	8455
20150918	6542
20150919	730
20150920	441
20150921	9001
20150922	7227
20150923	5979
20150924	6418
20150925	5474
20150926	203
20150927	413
20150928	9702
20150929	8009
20150930	6421
20151001	8361
20151002	7949
20151003	549
20151004	418
20151005	7330
20151006	11257
20151007	6472
20151008	13051
20151009	5254
20151010	553
20151011	302
20151012	7335
20151013	7125
20151014	6400
20151015	7929
20151016	7211
20151017	942
20151018	297
20151019	8419
20151020	8462
20151021	6485
20151022	8605
20151023	8868
20151024	309
20151025	2196
20151026	6292
20151027	6914
20151028	6443
20151029	8117
20151030	7626
20151031	445
20151101	1088
20151102	8517
20151103	8273
20151104	7479
20151105	10654
20151106	7900
20151107	220
20151108	456
20151109	7878
20151110	8496
20151111	6863
20151112	8692
20151113	9780
20151114	409
20151115	231
20151116	7351
20151117	7604
20151118	8174
20151119	7389
20151120	9132
20151121	525
20151122	346
20151123	15962
20151124	8580
20151125	5807
20151126	6259
20151127	5665
20151128	114
20151129	618
20151130	7986
20151201	8008
20151202	5887
20151203	7563
20151204	9297
20151205	200
20151206	390
20151207	8528
20151208	6386
20151209	6627
20151210	9657
20151211	6351
20151212	133
20151213	310
20151214	8514
20151215	11374
20151216	5870
20151217	7370
20151218	5399
20151219	488
20151220	399
20151221	6681
20151222	6185
20151223	4501
20151224	3584
20151225	146
20151226	182
20151227	238
20151228	381
20151229	11610
20151230	4561
20151231	3818
20160101	1141
20160102	200
20160103	229
20160104	7379
20160105	6718
20160106	7635
20160107	7268
20160108	6516
20160109	145
20160110	433
20160111	8584
20160112	8362
20160113	6796
20160114	7725
20160115	7178
20160116	178
20160117	231
20160118	8064
20160119	8928
20160120	6417
20160121	7301
20160122	6357
20160123	359
20160124	327
20160125	12307
20160126	11568
20160127	6924
20160128	6928
20160129	6377
20160130	244
20160131	725
20160201	7968
20160202	7277
20160203	6540
20160204	7684
20160205	8771
20160206	184
20160207	1446
20160208	8743
20160209	10005
20160210	8791
20160211	16264
20160212	6526
20160213	358
20160214	340
20160215	9143
20160216	11736
20160217	8043
20160218	7142
20160219	5267
20160220	3611
20160221	2145
20160222	11273
20160223	8002
20160224	10383
20160225	8475
20160226	6765
20160227	562
20160228	321
20160229	11600
20160301	8957
20160302	8209
20160303	9253
20160304	6460
20160305	907
20160306	69
20160307	7527
20160308	8953
20160309	8118
20160310	7674
20160311	7572
20160312	166
20160313	463
20160314	9432
20160315	9688
20160316	8619
20160317	7551
20160318	5593
20160319	755
20160320	2851
20160321	9601
20160322	9135
20160323	7398
20160324	6760
20160325	590
20160326	558
20160327	243
20160328	55
20160329	7394
20160330	6928
20160331	9035
20160401	6209
20160402	140
20160403	374
20160404	7567
20160405	9144
20160406	5978
20160407	6443
20160408	6236
20160409	468
20160410	610
20160411	12970
20160412	7252
20160413	7570
20160414	7786
20160415	8889
20160416	400
20160417	171
20160418	8002
20160419	11567
20160420	7957
20160421	7757
20160422	7334
20160423	232
20160424	821
20160425	10344
20160426	10264
20160427	7199
20160428	8121
20160429	5682
20160430	1120
20160501	1195
20160502	197
20160503	7946
20160504	8119
20160505	8690
20160506	8201
20160507	387
20160508	4971
20160509	8218
20160510	7889
20160511	6714
20160512	7726
20160513	6435
20160514	540
20160515	181
20160516	10721
20160517	7372
20160518	9815
20160519	9092
20160520	8847
20160521	962
20160522	5441
20160523	11549
20160524	9641
20160525	7089
20160526	9430
20160527	6585
20160528	763
20160529	344
20160530	214
20160531	12769
20160601	11271
20160602	9710
20160603	5976
20160604	1063
20160605	4153
20160606	8990
20160607	6943
20160608	7292
20160609	7762
20160610	7266
20160611	430
20160612	186
20160613	11559
20160614	8214
20160615	8764
20160616	10092
20160617	7386
20160618	249
20160619	180
20160620	10785
20160621	7549
20160622	10676
20160623	7908
20160624	7861
20160625	475
20160626	462
20160627	8431
20160628	8216
20160629	8062
20160630	8453
20160701	6779
20160702	1185
20160703	468
20160704	7246
20160705	7920
20160706	6750
20160707	8596
20160708	6881
20160709	463
20160710	29
20160711	12406
20160712	7899
20160713	16495
20160714	7011
20160715	7056
20160716	391
20160717	66
20160718	9706
20160719	9929
20160720	15412
20160721	7985
20160722	6656
20160723	413
20160724	706
20160725	8163
20160726	8318
20160727	7294
20160728	7555
20160729	9136
20160730	134
20160731	480
20160801	8703
20160802	7559
20160803	6727
20160804	6705
20160805	6597
20160806	1067
20160807	75
20160808	11378
20160809	8207
20160810	8776
20160811	7640
20160812	6157
20160813	444
20160814	569
20160815	8088
20160816	7539
20160817	7138
20160818	6679
20160819	5554
20160820	407
20160821	249
20160822	8715
20160823	9787
20160824	7397
20160825	7043
20160826	5100
20160827	296
20160828	543
20160829	178
20160830	9750
20160831	7889
20160901	12172
20160902	6971
20160903	2454
20160904	454
20160905	9578
20160906	11415
20160907	8610
20160908	10075
20160909	6076
20160910	329
20160911	523
20160912	7923
20160913	8397
20160914	7794
20160915	8970
20160916	6406
20160917	371
20160918	1218
20160919	8465
20160920	9382
20160921	6929
20160922	8143
20160923	7529
20160924	620
20160925	547
20160926	9282
20160927	8566
20160928	7648
20160929	8859
20160930	6635
20161001	2041
20161002	752
20161003	10474
20161004	9630
20161005	10603
20161006	10139
20161007	6856
20161008	2027
20161009	917
20161010	10517
20161011	8463
20161012	14024
20161013	8232
20161014	7381
20161015	513
20161016	443
20161017	10578
20161018	8952
20161019	11221
20161020	9807
20161021	7818
20161022	1389
20161023	379
20161024	10415
20161025	9411
20161026	7770
20161027	8980
20161028	6571
20161029	421
20161030	4094
20161031	10043
20161101	10380
20161102	10097
20161103	9196
20161104	7325
20161105	391
20161106	771
20161107	10324
20161108	11013
20161109	8039
20161110	12677
20161111	7536
20161112	579
20161113	467
20161114	12659
20161115	8931
20161116	7256
20161117	9624
20161118	7379
20161119	482
20161120	358
20161121	11506
20161122	8248
20161123	8086
20161124	14337
20161125	7376
20161126	608
20161127	849
20161128	8931
20161129	10441
20161130	7793
20161201	10825
20161202	7642
20161203	670
20161204	617
20161205	13062
20161206	12432
20161207	10588
20161208	9431
20161209	8896
20161210	503
20161211	296
20161212	10370
20161213	11563
20161214	10712
20161215	7660
20161216	8815
20161217	285
20161218	548
20161219	13323
20161220	10949
20161221	8034
20161222	13213
20161223	6161
20161224	726
20161225	178
20161226	176
20161227	419
20161228	6169
20161229	5685
20161230	6080
20161231	329
20170101	2404
20170102	666
20170103	10361
20170104	8981
20170105	9048
20170106	8162
20170107	781
20170108	924
20170109	11207
20170110	11846
20170111	9569
20170112	9893
20170113	9687
20170114	593
20170115	1339
20170116	12824
20170117	11657
20170118	12006
20170119	11539
20170120	12266
20170121	459
20170122	178
20170123	13203
20170124	9430
20170125	9571
20170126	13913
20170127	9794
20170128	455
20170129	544
20170130	11626
20170131	9075
20170201	10428
20170202	12313
20170203	12704
20170204	807
20170205	991
20170206	10421
20170207	10222
20170208	9756
20170209	13078
20170210	9085
20170211	543
20170212	722
20170213	12066
20170214	10531
20170215	11532
20170216	10811
20170217	8707
20170218	344
20170219	193
20170220	12360
20170221	11382
20170222	11897
20170223	8790
20170224	8164
20170225	1190
20170226	539
20170227	10489
20170228	11727
20170301	12228
20170302	10825
20170303	9028
20170304	811
20170305	920
20170306	9751
20170307	10855
20170308	11145
20170309	13475
20170310	9101
20170311	2375
20170312	228
20170313	12767
20170314	10955
20170315	12096
20170316	12074
20170317	8418
20170318	570
20170319	749
20170320	12576
20170321	16139
20170322	11799
20170323	13176
20170324	8083
20170325	1281
20170326	1796
20170327	10599
20170328	10786
20170329	10065
20170330	12456
20170331	8599
20170401	2828
20170402	323
20170403	13717
20170404	10950
20170405	11106
20170406	9102
20170407	7124
20170408	306
20170409	1018
20170410	13337
20170411	13452
20170412	9246
20170413	9126
20170414	132
20170415	373
20170416	283
20170417	342
20170418	8805
20170419	11393
20170420	18143
20170421	8132
20170422	750
20170423	955
20170424	14386
20170425	16040
20170426	7736
20170427	11764
20170428	9976
20170429	509
20170430	944
20170501	1923
20170502	12289
20170503	9353
20170504	12044
20170505	13455
20170506	879
20170507	1108
20170508	10020
20170509	12181
20170510	14780
20170511	13950
20170512	8158
20170513	536
20170514	289
20170515	12875
20170516	11558
20170517	10650
20170518	12386
20170519	7560
20170520	1068
20170521	1031
20170522	10211
20170523	9705
20170524	7817
20170525	9803
20170526	9174
20170527	793
20170528	1037
20170529	649
20170530	8480
20170531	8414
20170601	13450
20170602	8339
20170603	1481
20170604	442
20170605	13239
20170606	10923
20170607	10757
20170608	9565
20170609	9872
20170610	382
20170611	263
20170612	12881
20170613	10747
20170614	9658
20170615	13557
20170616	10101
20170617	2449
20170618	423
20170619	12044
20170620	12640
20170621	14029
20170622	13758
20170623	10496
20170624	644
20170625	1361
20170626	14946
20170627	12434
20170628	13194
20170629	15942
20170630	10208
20170701	2714
20170702	1603
20170703	15092
20170704	12735
20170705	11698
20170706	16660
20170707	9256
20170708	590
20170709	1071
20170710	11223
20170711	14448
20170712	11732
20170713	16125
20170714	7746
20170715	1026
20170716	540
20170717	14559
20170718	11284
20170719	11740
20170720	14574
20170721	10179
20170722	303
20170723	410
20170724	11942
20170725	14811
20170726	7674
20170727	14501
20170728	7990
20170729	713
20170730	461
20170731	14159
20170801	11856
20170802	10740
20170803	12331
20170804	9894
20170805	794
20170806	1412
20170807	13617
20170808	12649
20170809	13279
20170810	11146
20170811	12145
20170812	513
20170813	197
20170814	11147
20170815	11058
20170816	12185
20170817	12163
20170818	8092
20170819	679
20170820	693
20170821	10554
20170822	10278
20170823	10521
20170824	9440
20170825	9547
20170826	507
20170827	1101
20170828	609
20170829	9545
20170830	9436
20170831	9943
20170901	10560
20170902	483
20170903	694
20170904	11454
20170905	10573
20170906	12630
20170907	14800
20170908	8689
20170909	882
20170910	762
20170911	10804
20170912	12922
20170913	9662
20170914	11886
20170915	8782
20170916	1658
20170917	2237
20170918	18281
20170919	11849
20170920	10979
20170921	14137
20170922	12787
20170923	2258
20170924	377
20170925	13422
20170926	28779
20170927	12000
20170928	13331
20170929	8253
20170930	1445
20171001	22720
20171002	11558
20171003	10771
20171004	11227
20171005	13931
20171006	10691
20171007	1397
20171008	609
20171009	14957
20171010	15263
20171011	12870
20171012	9859
20171013	8136
20171014	697
20171015	352
20171016	13039
20171017	14147
20171018	10246
20171019	15007
20171020	8938
20171021	450
20171022	336
20171023	10721
20171024	8601
20171025	10390
20171026	8291
20171027	8064
20171028	1272
20171029	492
20171030	11475
20171031	18972
20171101	14999
20171102	16209
20171103	10712
20171104	1032
20171105	673
20171106	13159
20171107	10835
20171108	12382
20171109	13390
20171110	8548
20171111	687
20171112	413
20171113	12317
20171114	11418
20171115	15514
20171116	12470
20171117	12909
20171118	483
20171119	1004
20171120	14497
20171121	11893
20171122	10832
20171123	14595
20171124	8597
20171125	511
20171126	871
20171127	38786
20171128	11142
20171129	11269
20171130	11664
20171201	11680
20171202	1017
20171203	692
20171204	10183
20171205	14070
20171206	10796
20171207	11907
20171208	12471
20171209	5592
20171210	493
20171211	12329
20171212	10885
20171213	13639
20171214	11997
20171215	8639
20171216	269
20171217	691
20171218	10442
20171219	11665
20171220	11578
20171221	15903
20171222	7853
20171223	400
20171224	936
20171225	68
20171226	124
20171227	6965
20171228	8206
20171229	5611
20171230	954
20171231	274
20180101	4557
20180102	11788
20180103	13003
20180104	12631
20180105	10946
20180106	582
20180107	99
20180108	17317
20180109	14413
20180110	18842
20180111	13221
20180112	9994
20180113	839
20180114	1134
20180115	15630
20180116	14774
20180117	14475
20180118	11644
20180119	11160
20180120	559
20180121	813
20180122	21043
20180123	16315
20180124	15864
20180125	19335
20180126	15249
20180127	503
20180128	838
20180129	24386
20180130	16171
20180131	12824
20180201	16242
20180202	9677
20180203	803
20180204	319
20180205	13894
20180206	13394
20180207	22636
20180208	12790
20180209	10134
20180210	891
20180211	353
20180212	12335
20180213	13982
20180214	13687
20180215	11775
20180216	10249
20180217	685
20180218	1100
20180219	18293
20180220	14531
20180221	12838
20180222	14748
20180223	15097
20180224	999
20180225	653
20180226	14194
20180227	12034
20180228	12689
20180301	14187
20180302	11210
20180303	1402
20180304	660
20180305	17120
20180306	12810
20180307	14762
20180308	16654
20180309	10947
20180310	771
20180311	620
20180312	37354
20180313	15065
20180314	17108
20180315	16352
20180316	10783
20180317	555
20180318	603
20180319	11842
20180320	16663
20180321	12463
20180322	13812
20180323	9818
20180324	307
20180325	888
20180326	11511
20180327	12351
20180328	13466
20180329	11328
20180330	717
20180331	258
20180401	1739
20180402	1335
20180403	9731
20180404	10179
20180405	10455
20180406	10075
20180407	522
20180408	540
20180409	10243
20180410	10925
20180411	10197
20180412	11902
20180413	10207
20180414	371
20180415	582
20180416	15912
20180417	15708
20180418	14952
20180419	13793
20180420	10379
20180421	926
20180422	1403
20180423	18011
20180424	15250
20180425	13987
20180426	16010
20180427	15581
20180428	648
20180429	1045
20180430	16183
20180501	18655
20180502	14720
20180503	17158
20180504	10061
20180505	539
20180506	224
20180507	329
20180508	15175
20180509	11937
20180510	19528
20180511	22651
20180512	736
20180513	339
20180514	14737
20180515	13618
20180516	13197
20180517	17559
20180518	11055
20180519	508
20180520	869
20180521	19342
20180522	13653
20180523	16980
20180524	12224
20180525	13919
20180526	603
20180527	586
20180528	1041
20180529	9724
20180530	10219
20180531	11988
20180601	10134
20180602	645
20180603	526
20180604	13617
20180605	17398
20180606	11788
20180607	15445
20180608	9948
20180609	1173
20180610	241
20180611	15705
20180612	14948
20180613	14340
20180614	14760
20180615	10705
20180616	665
20180617	585
20180618	13390
20180619	12889
20180620	9920
20180621	11971
20180622	9559
20180623	526
20180624	558
20180625	15678
20180626	13352
20180627	9860
20180628	12087
20180629	8501
20180630	658
20180701	1271
20180702	12507
20180703	14061
20180704	11767
20180705	10378
20180706	6543
20180707	309
20180708	227
20180709	11238
20180710	12847
20180711	13370
20180712	21594
20180713	10513
20180714	582
20180715	967
20180716	13781
20180717	16566
20180718	11750
20180719	11565
20180720	10719
20180721	434
20180722	587
20180723	17095
20180724	15312
20180725	14293
20180726	12892
20180727	7446
20180728	912
20180729	530
20180730	17818
20180731	15384
20180801	14285
20180802	11875
20180803	9989
20180804	249
20180805	705
20180806	16671
20180807	14259
20180808	14164
20180809	10920
20180810	7674
20180811	3485
20180812	543
20180813	17026
20180814	11266
20180815	11745
20180816	12185
20180817	8007
20180818	7707
20180819	249
20180820	18188
20180821	10023
20180822	9603
20180823	12087
20180824	7392
20180825	7786
20180826	586
20180827	401
20180828	8744
20180829	10238
20180830	11852
20180831	7358
20180901	6985
20180902	570
20180903	11803
20180904	11714
20180905	13261
20180906	13816
20180907	10379
20180908	781
20180909	4693
20180910	13262
20180911	12610
20180912	15975
20180913	15472
20180914	11757
20180915	1075
20180916	4825
20180917	15374
20180918	12967
20180919	11757
20180920	13675
20180921	10280
20180922	5410
20180923	475
20180924	14230
20180925	12062
20180926	11408
20180927	11439
20180928	7872
20180929	588
20180930	357
20181001	14014
20181002	12715
20181003	14837
20181004	14480
20181005	8906
20181006	828
20181007	555
20181008	13332
20181009	13773
20181010	11988
20181011	15085
20181012	13193
20181013	1309
20181014	324
20181015	16835
20181016	13828
20181017	13388
20181018	19247
20181019	15965
20181020	330
20181021	5174
20181022	10593
20181023	13254
20181024	11519
20181025	14460
20181026	11103
20181027	586
20181028	876
20181029	16744
20181030	13295
20181031	20048
20181101	18968
20181102	9127
20181103	1915
20181104	2307
20181105	14375
20181106	13633
20181107	12557
20181108	17073
20181109	11155
20181110	640
20181111	3284
20181112	17745
20181113	14202
20181114	12934
20181115	14356
20181116	12322
20181117	511
20181118	5914
20181119	15499
20181120	13764
20181121	22538
20181122	13531
20181123	10755
20181124	1381
20181125	2607
20181126	12737
20181127	12687
20181128	16286
20181129	13745
20181130	9056
20181201	1625
20181202	418
20181203	14802
20181204	17639
20181205	20233
20181206	14326
20181207	10326
20181208	940
20181209	132
20181210	15295
20181211	12025
20181212	11758
20181213	10832
20181214	10101
20181215	590
20181216	3403
20181217	13836
20181218	11269
20181219	11919
20181220	13025
20181221	9957
20181222	557
20181223	255
20181224	8971
20181225	156
20181226	217
20181227	7772
20181228	7804
20181229	533
20181230	213
20181231	12095
20190101	2006
20190102	11722
20190103	15012
20190104	11252
20190105	335
20190106	4271
20190107	14426
20190108	16169
20190109	17636
20190110	15732
20190111	13189
20190112	731
20190113	4064
20190114	15089
20190115	15440
20190116	14872
20190117	12420
20190118	11782
20190119	330
20190120	273
20190121	13839
20190122	16552
20190123	19205
20190124	12093
20190125	15182
20190126	877
20190127	885
20190128	18135
20190129	23277
20190130	13527
20190131	13723
20190201	12438
20190202	726
20190203	541
20190204	14008
20190205	12024
20190206	11931
20190207	15092
20190208	14308
20190209	768
20190210	1139
20190211	15200
20190212	13711
20190213	13390
20190214	15686
20190215	16366
20190216	760
20190217	379
20190218	16841
20190219	14568
20190220	15550
20190221	12230
20190222	14414
20190223	279
20190224	1351
20190225	17789
20190226	13891
20190227	12513
20190228	18280
20190301	15448
20190302	522
20190303	967
20190304	17062
20190305	20333
20190306	14065
20190307	17360
20190308	14279
20190309	448
20190310	635
20190311	13177
20190312	11959
20190313	14817
20190314	13638
20190315	10227
20190316	1162
20190317	391
20190318	16229
20190319	16272
20190320	13968
20190321	16078
20190322	14346
20190323	917
20190324	826
20190325	13983
20190326	13416
20190327	13295
20190328	16546
20190329	13373
20190330	718
20190331	466
20190401	19581
20190402	16956
20190403	12504
20190404	12275
20190405	14823
20190406	653
20190407	300
20190408	16017
20190409	13523
20190410	15071
20190411	11720
20190412	12166
20190413	648
20190414	453
20190415	15804
20190416	16841
20190417	19017
20190418	20566
20190419	237
20190420	359
20190421	220
20190422	521
20190423	15868
20190424	19567
20190425	14979
20190426	18410
20190427	539
20190428	1066
20190429	14871
20190430	12256
20190501	14762
20190502	13855
20190503	9031
20190504	1396
20190505	509
20190506	127
20190507	15012
20190508	17698
20190509	20011
20190510	13257
20190511	382
20190512	876
20190513	16910
20190514	22216
20190515	23070
20190516	19125
20190517	20345
20190518	660
20190519	512
20190520	18755
20190521	24189
20190522	15745
20190523	22579
20190524	14919
20190525	369
20190526	551
20190527	359
20190528	12450
20190529	7895
20190530	10160
20190531	11762
20190601	4060
20190602	140
20190603	15126
20190604	13187
20190605	13392
20190606	13843
20190607	10535
20190608	744
20190609	291
20190610	13614
20190611	13091
20190612	11421
20190613	12410
20190614	11451
20190615	814
20190616	1065
20190617	16569
20190618	15216
20190619	14690
20190620	21728
20190621	23661
20190622	999
20190623	1082
20190624	14446
20190625	12523
20190626	11594
20190627	10267
20190628	11088
20190629	429
20190630	1493
20190701	18680
20190702	14185
20190703	13336
20190704	12029
20190705	8766
20190706	1208
20190707	837
20190708	14860
20190709	12818
20190710	13010
20190711	11725
20190712	16728
20190713	819
20190714	743
20190715	14722
20190716	18495
20190717	14594
20190718	18596
20190719	18912
20190720	538
20190721	902
20190722	13290
20190723	15589
20190724	14153
20190725	10211
20190726	9857
20190727	621
20190728	745
20190729	16342
20190730	10462
20190731	9326
20190801	15488
20190802	15351
20190803	1775
20190804	1010
20190805	14427
20190806	17749
20190807	13560
20190808	16896
20190809	11646
20190810	705
20190811	946
20190812	17927
20190813	14218
20190814	13445
20190815	13284
20190816	14637
20190817	268
20190818	458
20190819	14778
20190820	12942
20190821	14224
20190822	11919
20190823	15044
20190824	1823
20190825	882
20190826	1439
20190827	12627
20190828	9755
20190829	15164
20190830	18887
20190831	1207
20190901	3472
20190902	15084
20190903	23669
20190904	15547
20190905	21746
20190906	17086
20190907	604
20190908	472
20190909	18234
20190910	17554
20190911	13743
20190912	16988
20190913	14410
20190914	2479
20190915	1048
20190916	28654
20190917	19478
20190918	13846
20190919	26144
20190920	12880
20190921	1503
20190922	1028
20190923	17143
20190924	14877
20190925	11858
20190926	19994
20190927	12428
20190928	1220
20190929	907
20190930	20185
20191001	23822
20191002	16424
20191003	17598
20191004	12081
20191005	1395
20191006	444
20191007	22793
20191008	13138
20191009	11725
20191010	15825
20191011	15225
20191012	659
20191013	384
20191014	13532
20191015	17413
20191016	13489
20191017	26406
20191018	21646
20191019	1397
20191020	342
20191021	12072
20191022	9295
20191023	12146
20191024	14843
20191025	7471
20191026	1506
20191027	890
20191028	13970
20191029	21172
20191030	15950
20191031	21260
20191101	19897
20191102	1142
20191103	786
20191104	18199
20191105	14738
20191106	18745
20191107	14845
20191108	25415
20191109	723
20191110	267
20191111	13768
20191112	15193
20191113	23468
20191114	81823
20191115	29285
20191116	882
20191117	198
20191118	11006
20191119	12643
20191120	12891
20191121	11130
20191122	10226
20191123	235
20191124	223
20191125	14919
20191126	13089
20191127	13988
20191128	12118
20191129	11650
20191130	427
20191201	216
20191202	15849
20191203	14855
20191204	15992
20191205	20384
20191206	17481
20191207	244
20191208	217
20191209	14359
20191210	21363
20191211	17451
20191212	16392
20191213	12464
20191214	320
20191215	524
20191216	17205
20191217	14906
20191218	12014
20191219	18107
20191220	19206
20191221	508
20191222	375
20191223	9610
20191224	5192
20191225	106
20191226	179
20191227	6208
20191228	659
20191229	381
20191230	10353
20191231	9990
20200101	204
20200102	8475
20200103	15784
20200104	421
20200105	188
20200106	14636
20200107	18377
20200108	18804
20200109	15168
20200110	14324
20200111	817
20200112	411
20200113	13501
20200114	13910
20200115	11469
20200116	12750
20200117	14957
20200118	586
20200119	241
20200120	14380
20200121	23867
20200122	19818
20200123	21217
20200124	17508
20200125	591
20200126	208
20200127	19639
20200128	19746
20200129	17698
20200130	18040
20200131	17909
20200201	286
20200202	320
20200203	17466
20200204	20637
20200205	16190
20200206	19167
20200207	10492
20200208	307
20200209	190
20200210	14528
20200211	23753
20200212	11554
20200213	15110
20200214	12174
20200215	751
20200216	199
20200217	12047
20200218	13484
20200219	11920
20200220	25733
20200221	12656
20200222	317
20200223	237
20200224	16928
20200225	14295
20200226	16810
20200227	24658
20200228	15471
20200229	783
20200301	162
20200302	21913
20200303	14973
20200304	14046
20200305	24189
20200306	20018
20200307	662
20200308	438
20200309	19671
20200310	17223
20200311	18316
20200312	19476
20200313	11677
20200314	410
20200315	114
20200316	7800
20200317	15257
20200318	9417
20200319	7291
20200320	4091
20200321	74
20200322	51
20200323	7329
20200324	7170
20200325	5413
20200326	4271
20200327	4232
20200328	179
20200329	621
20200330	4865
20200331	2789
20200401	3235
20200402	3199
20200403	2122
20200404	170
20200405	132
20200406	2703
20200407	2710
20200408	2796
20200409	2680
20200410	1091
20200411	360
20200412	749
20200413	982
20200414	2796
20200415	3168
20200416	2668
20200417	2774
20200418	502
20200419	484
20200420	4393
20200421	4154
20200422	2304
20200423	4533
20200424	5335
20200425	81
20200426	294
20200427	3515
20200428	3810
20200429	3540
20200430	6005
20200501	3519
20200502	84
20200503	98
20200504	6133
20200505	2936
20200506	2493
20200507	2654
20200508	434
20200509	120
20200510	158
20200511	3815
20200512	3137
20200513	2520
20200514	3286
20200515	2317
20200516	95
20200517	98
20200518	8700
20200519	3116
20200520	2497
20200521	2843
20200522	2167
20200523	52
20200524	86
20200525	41
20200526	1477
20200528	1
20200605	1
20200612	1
20200613	1
20200614	1
20200616	3
20200620	2
20200621	1
20200623	1
20200627	2
20200628	1
20200701	1
20200703	1
20200717	1
20200720	1
20200721	1
20200802	1
20200804	1
20200808	1
20200811	1
20200813	1
20200814	1
20200817	1
20200818	1
20200820	1
20200821	1
20200901	1
20200916	2
20200927	2
20201001	1
20201006	1
20201107	1
20210101	1
20210113	1
20210217	1
20210310	1
20240101	1
20300101	1
20640101	4
20650101	3
20680101	5
20730101	1
20750101	1
20760101	8
20770101	2
20780909	1
20790101	5
20800101	4
20820101	3
20820914	1
20850101	4
20880101	1
20900101	4
20930910	3
20940101	1
20950101	1
20990626	1
