20100102	826
20100103	739
20100104	34230
20100105	13482
20100106	18556
20100107	25046
20100108	26135
20100109	1709
20100110	750
20100111	38077
20100112	36947
20100113	34141
20100114	32645
20100115	30515
20100116	1353
20100117	657
20100118	40924
20100119	37692
20100120	36253
20100121	30167
20100122	33105
20100123	1761
20100124	723
20100125	40755
20100126	37584
20100127	33463
20100128	31819
20100129	30980
20100130	2112
20100131	870
20100201	40141
20100202	38066
20100203	32979
20100204	34074
20100205	32529
20100206	1307
20100207	767
20100208	40681
20100209	39562
20100210	34842
20100211	35816
20100212	31966
20100213	1655
20100214	796
20100215	37637
20100216	36555
20100217	33478
20100218	31036
20100219	28249
20100220	1915
20100221	735
20100222	37664
20100223	36938
20100224	33269
20100225	34334
20100226	32173
20100227	1715
20100228	847
20100301	40555
20100302	39082
20100303	33234
20100304	34696
20100305	31590
20100306	1585
20100307	931
20100308	39048
20100309	36535
20100310	35510
20100311	35160
20100312	30531
20100313	1370
20100314	710
20100315	39507
20100316	37826
20100317	35616
20100318	34560
20100319	31430
20100320	1715
20100321	636
20100322	40391
20100323	37986
20100324	34447
20100325	35394
20100326	31589
20100327	1428
20100328	1461
20100329	40269
20100330	40770
20100331	37621
20100401	31777
20100402	1860
20100403	895
20100404	814
20100405	1612
20100406	38774
20100407	35428
20100408	32372
20100409	29261
20100410	1471
20100411	738
20100412	38368
20100413	37136
20100414	34282
20100415	32474
20100416	34209
20100417	1443
20100418	766
20100419	39293
20100420	37243
20100421	36843
20100422	34130
20100423	33023
20100424	1345
20100425	962
20100426	41507
20100427	36157
20100428	34415
20100429	33268
20100430	32347
20100501	1395
20100502	685
20100503	1679
20100504	42309
20100505	36040
20100506	34909
20100507	31695
20100508	1316
20100509	705
20100510	39968
20100511	38198
20100512	35172
20100513	34478
20100514	32542
20100515	1317
20100516	696
20100517	40509
20100518	37397
20100519	34511
20100520	31501
20100521	30967
20100522	1305
20100523	834
20100524	39842
20100525	36995
20100526	34283
20100527	32690
20100528	30899
20100529	1216
20100530	655
20100531	1714
20100601	37140
20100602	35573
20100603	33989
20100604	31100
20100605	1436
20100606	766
20100607	37280
20100608	35311
20100609	34783
20100610	32237
20100611	30290
20100612	1361
20100613	706
20100614	36801
20100615	36222
20100616	34932
20100617	33771
20100618	30811
20100619	1354
20100620	681
20100621	38313
20100622	35760
20100623	33300
20100624	33220
20100625	29963
20100626	1560
20100627	666
20100628	39061
20100629	34753
20100630	33782
20100701	35040
20100702	31145
20100703	1389
20100704	737
20100705	38942
20100706	36008
20100707	33691
20100708	33588
20100709	32604
20100710	1086
20100711	661
20100712	39249
20100713	35235
20100714	34789
20100715	29915
20100716	31472
20100717	1172
20100718	823
20100719	39495
20100720	34828
20100721	33951
20100722	34005
20100723	31321
20100724	1269
20100725	807
20100726	38755
20100727	34949
20100728	35361
20100729	33260
20100730	29073
20100731	1566
20100801	984
20100802	37199
20100803	34247
20100804	32547
20100805	31582
20100806	29538
20100807	1470
20100808	822
20100809	36748
20100810	33196
20100811	33587
20100812	31589
20100813	30336
20100814	1409
20100815	656
20100816	37142
20100817	35180
20100818	33880
20100819	32094
20100820	30483
20100821	1083
20100822	688
20100823	38186
20100824	34357
20100825	33840
20100826	31808
20100827	29126
20100828	946
20100829	557
20100830	1843
20100831	39735
20100901	36837
20100902	34358
20100903	31414
20100904	1390
20100905	743
20100906	38404
20100907	35809
20100908	33837
20100909	34094
20100910	30376
20100911	1259
20100912	690
20100913	39071
20100914	36482
20100915	34020
20100916	32451
20100917	31585
20100918	1174
20100919	876
20100920	39420
20100921	38534
20100922	33159
20100923	31733
20100924	31333
20100925	1148
20100926	775
20100927	38637
20100928	36779
20100929	35356
20100930	35871
20101001	29036
20101002	2305
20101003	899
20101004	39940
20101005	37439
20101006	34430
20101007	35997
20101008	31496
20101009	3259
20101010	922
20101011	41456
20101012	37358
20101013	36910
20101014	33684
20101015	33226
20101016	3303
20101017	737
20101018	39590
20101019	38031
20101020	35414
20101021	38303
20101022	34821
20101023	2033
20101024	999
20101025	39796
20101026	40147
20101027	34004
20101028	32847
20101029	29325
20101030	2802
20101031	1121
20101101	41511
20101102	35704
20101103	36093
20101104	33925
20101105	32640
20101106	1761
20101107	985
20101108	41725
20101109	40118
20101110	35267
20101111	34775
20101112	34596
20101113	1888
20101114	1046
20101115	40327
20101116	37410
20101117	33603
20101118	34800
20101119	32456
20101120	1592
20101121	1117
20101122	40304
20101123	38165
20101124	33660
20101125	31065
20101126	30902
20101127	1814
20101128	871
20101129	40908
20101130	34867
20101201	31128
20101202	32745
20101203	30486
20101204	1197
20101205	1031
20101206	39509
20101207	36865
20101208	34475
20101209	35253
20101210	30872
20101211	1250
20101212	1062
20101213	42032
20101214	41149
20101215	35872
20101216	36447
20101217	33975
20101218	1286
20101219	831
20101220	42426
20101221	36410
20101222	31478
20101223	28439
20101224	17482
20101225	385
20101226	663
20101227	1764
20101228	1936
20101229	29179
20101230	27636
20101231	19123
20110101	2660
20110102	816
20110103	1861
20110104	38619
20110105	37171
20110106	38565
20110107	33911
20110108	1407
20110109	657
20110110	42565
20110111	41489
20110112	37696
20110113	36277
20110114	36395
20110115	1742
20110116	859
20110117	43238
20110118	40071
20110119	36689
20110120	36512
20110121	34335
20110122	1467
20110123	753
20110124	42355
20110125	40177
20110126	37069
20110127	35813
20110128	33620
20110129	1350
20110130	880
20110131	41579
20110201	40125
20110202	36367
20110203	38221
20110204	35558
20110205	1430
20110206	806
20110207	42211
20110208	39795
20110209	36523
20110210	36286
20110211	33080
20110212	1561
20110213	765
20110214	48144
20110215	37911
20110216	37072
20110217	34509
20110218	33094
20110219	1557
20110220	680
20110221	43700
20110222	38052
20110223	35532
20110224	34281
20110225	32276
20110226	1339
20110227	793
20110228	40930
20110301	39341
20110302	34780
20110303	35858
20110304	32776
20110305	1838
20110306	839
20110307	42840
20110308	41048
20110309	38136
20110310	36834
20110311	35174
20110312	1303
20110313	870
20110314	42530
20110315	46005
20110316	39658
20110317	35355
20110318	34875
20110319	1669
20110320	765
20110321	42584
20110322	41584
20110323	35416
20110324	37881
20110325	33523
20110326	1680
20110327	805
20110328	41278
20110329	39759
20110330	35274
20110331	38581
20110401	32118
20110402	1635
20110403	704
20110404	41939
20110405	38920
20110406	37045
20110407	37001
20110408	35699
20110409	1289
20110410	709
20110411	43227
20110412	38073
20110413	36765
20110414	33831
20110415	33780
20110416	1470
20110417	832
20110418	41511
20110419	42027
20110420	35116
20110421	33903
20110422	1789
20110423	942
20110424	590
20110425	1773
20110426	42109
20110427	38825
20110428	36519
20110429	1843
20110430	943
20110501	1647
20110502	1637
20110503	45794
20110504	40173
20110505	39503
20110506	35882
20110507	1673
20110508	800
20110509	43854
20110510	38807
20110511	38075
20110512	35206
20110513	33476
20110514	1237
20110515	721
20110516	41267
20110517	40371
20110518	38942
20110519	35286
20110520	33347
20110521	1665
20110522	672
20110523	40923
20110524	40126
20110525	37174
20110526	36701
20110527	35074
20110528	1564
20110529	642
20110530	1880
20110531	40741
20110601	35957
20110602	36975
20110603	32544
20110604	2102
20110605	694
20110606	42538
20110607	40377
20110608	36183
20110609	35189
20110610	32798
20110611	1628
20110612	738
20110613	43458
20110614	41334
20110615	35137
20110616	35094
20110617	33165
20110618	1624
20110619	679
20110620	41196
20110621	39950
20110622	34261
20110623	36032
20110624	33308
20110625	1674
20110626	704
20110627	39396
20110628	38479
20110629	35686
20110630	33686
20110701	32673
20110702	1467
20110703	666
20110704	41353
20110705	40183
20110706	36150
20110707	35466
20110708	33676
20110709	1379
20110710	733
20110711	41912
20110712	38685
20110713	36942
20110714	33997
20110715	34624
20110716	1158
20110717	668
20110718	41854
20110719	37855
20110720	35758
20110721	33950
20110722	31767
20110723	1125
20110724	711
20110725	40888
20110726	36956
20110727	35785
20110728	33060
20110729	31442
20110730	1151
20110731	633
20110801	40450
20110802	38806
20110803	36385
20110804	35880
20110805	31074
20110806	1762
20110807	644
20110808	40572
20110809	36785
20110810	35735
20110811	35425
20110812	31696
20110813	1470
20110814	672
20110815	40641
20110816	38009
20110817	35922
20110818	34672
20110819	30642
20110820	1541
20110821	603
20110822	39285
20110823	37435
20110824	34051
20110825	38641
20110826	31685
20110827	1273
20110828	605
20110829	1881
20110830	41663
20110831	36596
20110901	35930
20110902	32437
20110903	1361
20110904	646
20110905	44143
20110906	39951
20110907	35900
20110908	35449
20110909	32772
20110910	1286
20110911	814
20110912	41588
20110913	39832
20110914	35641
20110915	35190
20110916	34350
20110917	1553
20110918	794
20110919	42107
20110920	38708
20110921	37651
20110922	37011
20110923	34391
20110924	1223
20110925	717
20110926	41756
20110927	40143
20110928	37887
20110929	35177
20110930	32960
20111001	2112
20111002	766
20111003	45501
20111004	41890
20111005	38343
20111006	40157
20111007	34599
20111008	3454
20111009	659
20111010	44049
20111011	41229
20111012	37842
20111013	38888
20111014	35135
20111015	2978
20111016	736
20111017	45390
20111018	41162
20111019	37486
20111020	36148
20111021	33661
20111022	2453
20111023	662
20111024	40706
20111025	37681
20111026	35644
20111027	32716
20111028	32158
20111029	2350
20111030	700
20111031	43330
20111101	40719
20111102	39297
20111103	41611
20111104	35168
20111105	2285
20111106	763
20111107	43430
20111108	40778
20111109	38630
20111110	37517
20111111	35026
20111112	1983
20111113	746
20111114	43735
20111115	41532
20111116	37798
20111117	39527
20111118	35055
20111119	1863
20111120	890
20111121	43918
20111122	42072
20111123	36880
20111124	37191
20111125	34842
20111126	1700
20111127	738
20111128	40537
20111129	41633
20111130	34495
20111201	36373
20111202	34338
20111203	1663
20111204	627
20111205	43119
20111206	41915
20111207	35528
20111208	36464
20111209	35036
20111210	1840
20111211	778
20111212	44804
20111213	42877
20111214	38585
20111215	38890
20111216	37097
20111217	1777
20111218	658
20111219	44258
20111220	42029
20111221	34958
20111222	32958
20111223	27243
20111224	818
20111225	398
20111226	2085
20111227	1966
20111228	29078
20111229	27105
20111230	25318
20111231	1035
20120101	2367
20120102	2138
20120103	38535
20120104	39669
20120105	40847
20120106	37742
20120107	1897
20120108	943
20120109	45773
20120110	45347
20120111	38443
20120112	38811
20120113	37961
20120114	1895
20120115	743
20120116	47174
20120117	42669
20120118	41812
20120119	40030
20120120	35028
20120121	1553
20120122	752
20120123	45286
20120124	42826
20120125	38445
20120126	38882
20120127	35253
20120128	1652
20120129	853
20120130	44773
20120131	42518
20120201	38106
20120202	40691
20120203	36123
20120204	1662
20120205	644
20120206	44118
20120207	43784
20120208	40004
20120209	40412
20120210	37079
20120211	1740
20120212	761
20120213	46212
20120214	41032
20120215	37788
20120216	39446
20120217	34596
20120218	1919
20120219	702
20120220	44433
20120221	39304
20120222	36705
20120223	36662
20120224	35575
20120225	1861
20120226	825
20120227	43299
20120228	42589
20120229	38711
20120301	38616
20120302	38126
20120303	2055
20120304	748
20120305	46291
20120306	42798
20120307	40375
20120308	41273
20120309	37938
20120310	1745
20120311	796
20120312	46650
20120313	44354
20120314	41039
20120315	38341
20120316	36591
20120317	1657
20120318	751
20120319	45666
20120320	43329
20120321	38986
20120322	39781
20120323	36443
20120324	2135
20120325	817
20120326	44107
20120327	42583
20120328	38941
20120329	39272
20120330	35718
20120331	1794
20120401	1086
20120402	44788
20120403	43203
20120404	37052
20120405	37706
20120406	2153
20120407	926
20120408	601
20120409	2195
20120410	41698
20120411	40637
20120412	38873
20120413	34677
20120414	1983
20120415	756
20120416	46426
20120417	42629
20120418	41068
20120419	39945
20120420	36245
20120421	1661
20120422	746
20120423	44133
20120424	42417
20120425	39885
20120426	37939
20120427	37523
20120428	1717
20120429	689
20120430	44718
20120501	42089
20120502	38686
20120503	40185
20120504	36548
20120505	1379
20120506	702
20120507	2441
20120508	46025
20120509	42431
20120510	39226
20120511	37571
20120512	2292
20120513	783
20120514	44442
20120515	43927
20120516	40788
20120517	38538
20120518	36274
20120519	1721
20120520	759
20120521	45284
20120522	43665
20120523	40949
20120524	38039
20120525	36462
20120526	1873
20120527	651
20120528	43035
20120529	42560
20120530	37701
20120531	36676
20120601	36463
20120602	1390
20120603	693
20120604	2344
20120605	2622
20120606	41412
20120607	40153
20120608	36689
20120609	1823
20120610	703
20120611	44077
20120612	45243
20120613	41268
20120614	39767
20120615	38724
20120616	1773
20120617	751
20120618	47387
20120619	43900
20120620	40754
20120621	38210
20120622	36559
20120623	1591
20120624	735
20120625	42396
20120626	41257
20120627	40130
20120628	39690
20120629	34890
20120630	2155
20120701	1135
20120702	47276
20120703	44211
20120704	40363
20120705	38001
20120706	37768
20120707	1380
20120708	775
20120709	49305
20120710	49461
20120711	44963
20120712	40900
20120713	35166
20120714	1624
20120715	809
20120716	45224
20120717	51520
20120718	42084
20120719	39022
20120720	42170
20120721	1554
20120722	749
20120723	47635
20120724	41589
20120725	37031
20120726	37529
20120727	37267
20120728	1811
20120729	712
20120730	42366
20120731	44461
20120801	39355
20120802	43951
20120803	35029
20120804	1447
20120805	710
20120806	43829
20120807	42496
20120808	39029
20120809	36084
20120810	34093
20120811	2175
20120812	729
20120813	44185
20120814	40721
20120815	37061
20120816	37956
20120817	35920
20120818	1927
20120819	608
20120820	46439
20120821	42222
20120822	39354
20120823	38358
20120824	35798
20120825	1106
20120826	605
20120827	2492
20120828	44967
20120829	40161
20120830	39795
20120831	34697
20120901	1694
20120902	629
20120903	44252
20120904	46739
20120905	41763
20120906	36685
20120907	37065
20120908	1554
20120909	793
20120910	42587
20120911	45631
20120912	42499
20120913	40443
20120914	36551
20120915	1574
20120916	896
20120917	45846
20120918	43161
20120919	38676
20120920	39517
20120921	38279
20120922	1753
20120923	696
20120924	44976
20120925	43435
20120926	38276
20120927	39789
20120928	41298
20120929	1930
20120930	788
20121001	47015
20121002	47591
20121003	45110
20121004	42577
20121005	40634
20121006	4381
20121007	711
20121008	47580
20121009	50386
20121010	48078
20121011	42029
20121012	37812
20121013	4998
20121014	731
20121015	47848
20121016	46013
20121017	44602
20121018	42543
20121019	40429
20121020	4464
20121021	695
20121022	45006
20121023	47156
20121024	41048
20121025	41864
20121026	38079
20121027	2914
20121028	783
20121029	45211
20121030	42354
20121031	40163
20121101	41532
20121102	37202
20121103	1866
20121104	884
20121105	46691
20121106	46566
20121107	44498
20121108	48148
20121109	40312
20121110	1880
20121111	775
20121112	48967
20121113	47057
20121114	43287
20121115	45311
20121116	39469
20121117	1890
20121118	681
20121119	45816
20121120	43974
20121121	39493
20121122	41430
20121123	37408
20121124	1697
20121125	697
20121126	49324
20121127	46534
20121128	41767
20121129	41792
20121130	36841
20121201	2169
20121202	786
20121203	45809
20121204	45898
20121205	43460
20121206	48668
20121207	38634
20121208	1495
20121209	680
20121210	47785
20121211	47222
20121212	41221
20121213	49426
20121214	42158
20121215	1769
20121216	817
20121217	50552
20121218	49820
20121219	44571
20121220	42145
20121221	38008
20121222	1444
20121223	856
20121224	29082
20121225	2186
20121226	2002
20121227	30744
20121228	29592
20121229	1114
20121230	577
20121231	30207
20130101	3494
20130102	36258
20130103	42514
20130104	39709
20130105	1715
20130106	855
20130107	52059
20130108	48678
20130109	43081
20130110	43876
20130111	42905
20130112	1728
20130113	830
20130114	50524
20130115	46711
20130116	43224
20130117	47306
20130118	40078
20130119	1770
20130120	880
20130121	48430
20130122	45712
20130123	42967
20130124	43739
20130125	39821
20130126	1349
20130127	964
20130128	50893
20130129	46720
20130130	44668
20130131	45980
20130201	42499
20130202	1921
20130203	953
20130204	53907
20130205	48381
20130206	45535
20130207	46709
20130208	42042
20130209	2157
20130210	862
20130211	47752
20130212	46731
20130213	43037
20130214	42623
20130215	39666
20130216	2467
20130217	872
20130218	49367
20130219	49426
20130220	44806
20130221	45920
20130222	41087
20130223	1815
20130224	1220
20130225	49127
20130226	46219
20130227	42154
20130228	45083
20130301	41242
20130302	1757
20130303	815
20130304	51981
20130305	46670
20130306	43008
20130307	44228
20130308	41484
20130309	2204
20130310	876
20130311	51741
20130312	50187
20130313	44361
20130314	44929
20130315	41235
20130316	2444
20130317	908
20130318	50305
20130319	49591
20130320	42586
20130321	43806
20130322	41106
20130323	2288
20130324	828
20130325	49861
20130326	47243
20130327	39522
20130328	41182
20130329	2985
20130330	1163
20130331	957
20130401	3150
20130402	44460
20130403	43250
20130404	43792
20130405	39893
20130406	2120
20130407	903
20130408	50784
20130409	48361
20130410	40450
20130411	43179
20130412	41451
20130413	1729
20130414	871
20130415	49177
20130416	45939
20130417	42718
20130418	43702
20130419	41608
20130420	1822
20130421	966
20130422	50073
20130423	47730
20130424	43536
20130425	43478
20130426	39352
20130427	2002
20130428	731
20130429	51854
20130430	47793
20130501	43024
20130502	45479
20130503	42320
20130504	1699
20130505	772
20130506	2961
20130507	48444
20130508	46723
20130509	45933
20130510	41156
20130511	1933
20130512	806
20130513	51115
20130514	47339
20130515	44256
20130516	41567
20130517	40805
20130518	1719
20130519	1461
20130520	51548
20130521	44021
20130522	41083
20130523	45715
20130524	41104
20130525	1286
20130526	772
20130527	2649
20130528	45658
20130529	46171
20130530	41916
20130531	40366
20130601	1979
20130602	798
20130603	46011
20130604	46179
20130605	41159
20130606	42312
20130607	38424
20130608	1577
20130609	772
20130610	50528
20130611	46616
20130612	42270
20130613	41411
20130614	40098
20130615	1409
20130616	792
20130617	51112
20130618	45529
20130619	41752
20130620	42989
20130621	40201
20130622	1813
20130623	843
20130624	49846
20130625	46342
20130626	44208
20130627	42954
20130628	39679
20130629	1747
20130630	1054
20130701	48050
20130702	46926
20130703	44934
20130704	44379
20130705	39223
20130706	1372
20130707	861
20130708	50639
20130709	50059
20130710	44145
20130711	43364
20130712	38667
20130713	1822
20130714	803
20130715	50972
20130716	47159
20130717	43645
20130718	41755
20130719	38697
20130720	1481
20130721	928
20130722	48803
20130723	44642
20130724	44168
20130725	41958
20130726	36090
20130727	1560
20130728	696
20130729	48708
20130730	47122
20130731	41390
20130801	42324
20130802	37230
20130803	1914
20130804	855
20130805	49120
20130806	44953
20130807	42683
20130808	39523
20130809	35834
20130810	1447
20130811	884
20130812	47841
20130813	44188
20130814	42237
20130815	42115
20130816	39328
20130817	1223
20130818	835
20130819	49755
20130820	46858
20130821	43533
20130822	44232
20130823	38300
20130824	1338
20130825	817
20130826	3050
20130827	48658
20130828	47831
20130829	44779
20130830	40178
20130831	1688
20130901	1428
20130902	49817
20130903	47342
20130904	41605
20130905	44103
20130906	38557
20130907	1758
20130908	778
20130909	49535
20130910	46635
20130911	44788
20130912	43616
20130913	39180
20130914	1617
20130915	1083
20130916	47646
20130917	47469
20130918	42437
20130919	42844
20130920	38627
20130921	1752
20130922	805
20130923	50155
20130924	47307
20130925	43470
20130926	70733
20130927	39629
20130928	2287
20130929	923
20130930	54858
20131001	50469
20131002	47537
20131003	45039
20131004	43481
20131005	2875
20131006	961
20131007	54400
20131008	50100
20131009	48268
20131010	49497
20131011	45831
20131012	2992
20131013	1028
20131014	53064
20131015	50061
20131016	47782
20131017	47566
20131018	43854
20131019	4776
20131020	965
20131021	53104
20131022	51439
20131023	48638
20131024	47213
20131025	43040
20131026	2035
20131027	858
20131028	50380
20131029	47048
20131030	45838
20131031	41145
20131101	37913
20131102	2891
20131103	965
20131104	51790
20131105	50371
20131106	46016
20131107	45927
20131108	42212
20131109	1703
20131110	954
20131111	53070
20131112	50627
20131113	47110
20131114	46618
20131115	43714
20131116	1844
20131117	898
20131118	52986
20131119	49334
20131120	46808
20131121	45110
20131122	42320
20131123	1926
20131124	1201
20131125	51632
20131126	46109
20131127	44652
20131128	44889
20131129	43495
20131130	1886
20131201	1244
20131202	52681
20131203	48424
20131204	46316
20131205	44930
20131206	41560
20131207	1703
20131208	985
20131209	51533
20131210	53341
20131211	46143
20131212	47175
20131213	46501
20131214	1887
20131215	974
20131216	54667
20131217	52931
20131218	48903
20131219	48736
20131220	43667
20131221	1509
20131222	898
20131223	47751
20131224	28994
20131225	2466
20131226	2613
20131227	28932
20131228	1186
20131229	868
20131230	42744
20131231	32079
20140101	4027
20140102	36639
20140103	41395
20140104	2269
20140105	979
20140106	53782
20140107	52701
20140108	48847
20140109	50082
20140110	45339
20140111	1895
20140112	850
20140113	57400
20140114	54054
20140115	49565
20140116	51272
20140117	47125
20140118	2118
20140119	959
20140120	56934
20140121	53081
20140122	47865
20140123	46781
20140124	44331
20140125	2554
20140126	900
20140127	53547
20140128	52090
20140129	48947
20140130	47820
20140131	44046
20140201	2329
20140202	1123
20140203	55155
20140204	52284
20140205	49685
20140206	49697
20140207	47234
20140208	1933
20140209	1053
20140210	52097
20140211	51613
20140212	75011
20140213	48779
20140214	44861
20140215	1787
20140216	998
20140217	51191
20140218	50514
20140219	45092
20140220	45682
20140221	42408
20140222	2492
20140223	974
20140224	53157
20140225	53269
20140226	48450
20140227	48452
20140228	43523
20140301	2694
20140302	2624
20140303	54383
20140304	52469
20140305	49302
20140306	50797
20140307	58344
20140308	2329
20140309	1150
20140310	57228
20140311	53115
20140312	51327
20140313	48980
20140314	44104
20140315	2607
20140316	808
20140317	67596
20140318	52521
20140319	48596
20140320	48382
20140321	44027
20140322	2058
20140323	1185
20140324	54650
20140325	52722
20140326	46636
20140327	51366
20140328	44667
20140329	2048
20140330	1126
20140331	55484
20140401	54044
20140402	46578
20140403	49684
20140404	44442
20140405	1790
20140406	990
20140407	53671
20140408	50738
20140409	47347
20140410	47965
20140411	44665
20140412	1830
20140413	866
20140414	49297
20140415	48975
20140416	45812
20140417	45039
20140418	3526
20140419	1088
20140420	877
20140421	3461
20140422	51743
20140423	48300
20140424	50237
20140425	44831
20140426	1702
20140427	858
20140428	58827
20140429	52545
20140430	50301
20140501	51757
20140502	42467
20140503	1540
20140504	1116
20140505	3409
20140506	55049
20140507	51250
20140508	52899
20140509	44946
20140510	2347
20140511	998
20140512	55122
20140513	54587
20140514	46926
20140515	49331
20140516	44701
20140517	2002
20140518	861
20140519	54850
20140520	53894
20140521	49503
20140522	52278
20140523	45482
20140524	1973
20140525	851
20140526	3355
20140527	52500
20140528	50108
20140529	49282
20140530	43145
20140531	2412
20140601	1160
20140602	54751
20140603	48343
20140604	44778
20140605	44899
20140606	43043
20140607	1732
20140608	853
20140609	53813
20140610	51184
20140611	46154
20140612	47521
20140613	41473
20140614	1946
20140615	778
20140616	52907
20140617	52366
20140618	46730
20140619	47908
20140620	41975
20140621	1951
20140622	1079
20140623	52677
20140624	52144
20140625	45245
20140626	48324
20140627	41891
20140628	2052
20140629	862
20140630	53629
20140701	53024
20140702	46698
20140703	49788
20140704	42946
20140705	1734
20140706	925
20140707	52407
20140708	48148
20140709	45862
20140710	46410
20140711	42927
20140712	1723
20140713	820
20140714	52561
20140715	51383
20140716	45434
20140717	47318
20140718	41478
20140719	1741
20140720	927
20140721	52361
20140722	50981
20140723	44150
20140724	45004
20140725	41410
20140726	1778
20140727	1038
20140728	51106
20140729	54244
20140730	49690
20140731	46417
20140801	41389
20140802	2215
20140803	1002
20140804	50571
20140805	47906
20140806	43798
20140807	45432
20140808	40367
20140809	2098
20140810	956
20140811	51846
20140812	51448
20140813	43833
20140814	46646
20140815	41260
20140816	1815
20140817	959
20140818	55491
20140819	50175
20140820	43984
20140821	45525
20140822	38978
20140823	1420
20140824	904
20140825	3625
20140826	49549
20140827	48267
20140828	47570
20140829	41417
20140830	1605
20140831	1011
20140901	54074
20140902	51582
20140903	47343
20140904	47953
20140905	42059
20140906	1589
20140907	1101
20140908	52038
20140909	49616
20140910	45105
20140911	48051
20140912	41815
20140913	1774
20140914	1045
20140915	55403
20140916	51654
20140917	52221
20140918	49365
20140919	42490
20140920	2846
20140921	900
20140922	57508
20140923	53248
20140924	47401
20140925	48179
20140926	46689
20140927	1852
20140928	1317
20140929	56558
20140930	52121
20141001	48727
20141002	48472
20141003	42978
20141004	4064
20141005	1187
20141006	55364
20141007	53165
20141008	47737
20141009	50986
20141010	44026
20141011	5413
20141012	1074
20141013	58643
20141014	58288
20141015	50019
20141016	50159
20141017	46694
20141018	2296
20141019	1127
20141020	56675
20141021	54472
20141022	49349
20141023	48636
20141024	44541
20141025	2309
20141026	1042
20141027	55504
20141028	55078
20141029	47254
20141030	43637
20141031	41074
20141101	2410
20141102	1071
20141103	58499
20141104	57180
20141105	49381
20141106	51366
20141107	45769
20141108	2210
20141109	1199
20141110	58960
20141111	55452
20141112	50255
20141113	49321
20141114	48524
20141115	1786
20141116	979
20141117	56267
20141118	54925
20141119	47118
20141120	53191
20141121	44592
20141122	2017
20141123	1046
20141124	56408
20141125	55893
20141126	49176
20141127	49071
20141128	43761
20141129	1976
20141130	1111
20141201	54997
20141202	52002
20141203	47954
20141204	51227
20141205	43003
20141206	2164
20141207	1084
20141208	56395
20141209	57694
20141210	48209
20141211	55072
20141212	44151
20141213	2058
20141214	1134
20141215	56882
20141216	57055
20141217	52535
20141218	52435
20141219	47375
20141220	1812
20141221	925
20141222	58485
20141223	48448
20141224	30410
20141225	2710
20141226	3014
20141227	1203
20141228	882
20141229	46378
20141230	40808
20141231	29637
20150101	9504
20150102	35406
20150103	1605
20150104	1024
20150105	57994
20150106	56458
20150107	56742
20150108	53732
20150109	49811
20150110	1989
20150111	827
20150112	61942
20150113	58554
20150114	49905
20150115	53803
20150116	48343
20150117	2216
20150118	1336
20150119	59383
20150120	60187
20150121	53098
20150122	52311
20150123	47415
20150124	2204
20150125	1160
20150126	60655
20150127	57150
20150128	48753
20150129	48338
20150130	46704
20150131	2006
20150201	1106
20150202	62652
20150203	60614
20150204	52913
20150205	54124
20150206	49931
20150207	2077
20150208	1009
20150209	64221
20150210	60052
20150211	52499
20150212	53540
20150213	48366
20150214	1986
20150215	1050
20150216	58043
20150217	54810
20150218	49398
20150219	50351
20150220	46102
20150221	2316
20150222	1208
20150223	60319
20150224	57092
20150225	50316
20150226	52283
20150227	50151
20150228	2286
20150301	1831
20150302	60768
20150303	59105
20150304	52940
20150305	52116
20150306	50094
20150307	2148
20150308	1289
20150309	59444
20150310	61586
20150311	50766
20150312	53386
20150313	47672
20150314	2338
20150315	1049
20150316	60407
20150317	58255
20150318	51658
20150319	54834
20150320	47159
20150321	2244
20150322	1316
20150323	61704
20150324	57257
20150325	48649
20150326	53848
20150327	49447
20150328	2057
20150329	1186
20150330	63274
20150331	60307
20150401	49160
20150402	50350
20150403	3974
20150404	1361
20150405	1024
20150406	4773
20150407	55843
20150408	52951
20150409	51827
20150410	45150
20150411	2198
20150412	1231
20150413	59900
20150414	59412
20150415	49598
20150416	50674
20150417	47754
20150418	2156
20150419	1091
20150420	60633
20150421	57652
20150422	48015
20150423	51940
20150424	50053
20150425	2259
20150426	1064
20150427	60992
20150428	57269
20150429	51011
20150430	53664
20150501	49724
20150502	1609
20150503	1045
20150504	4623
20150505	60701
20150506	54490
20150507	54841
20150508	49651
20150509	2179
20150510	976
20150511	61251
20150512	55000
20150513	52192
20150514	53350
20150515	51568
20150516	1838
20150517	1124
20150518	62135
20150519	58734
20150520	52190
20150521	54504
20150522	46887
20150523	1739
20150524	912
20150525	4414
20150526	57565
20150527	60026
20150528	50800
20150529	53985
20150530	1719
20150531	960
20150601	59868
20150602	57090
20150603	64279
20150604	63607
20150605	50361
20150606	1989
20150607	979
20150608	70305
20150609	77022
20150610	49684
20150611	56019
20150612	52303
20150613	2277
20150614	1093
20150615	61965
20150616	64754
20150617	54615
20150618	60323
20150619	47941
20150620	2102
20150621	980
20150622	85965
20150623	84423
20150624	64264
20150625	54657
20150626	57679
20150627	2216
20150628	1186
20150629	133319
20150630	97675
20150701	49669
20150702	52502
20150703	47440
20150704	1663
20150705	1057
20150706	54619
20150707	56551
20150708	52360
20150709	70395
20150710	50353
20150711	2007
20150712	1021
20150713	60144
20150714	59447
20150715	53782
20150716	53744
20150717	51632
20150718	2044
20150719	1187
20150720	61850
20150721	56991
20150722	53003
20150723	57038
20150724	47510
20150725	1713
20150726	1012
20150727	60190
20150728	57807
20150729	50064
20150730	49616
20150731	47547
20150801	1805
20150802	1009
20150803	59057
20150804	57402
20150805	52110
20150806	50697
20150807	51217
20150808	2135
20150809	970
20150810	56138
20150811	55785
20150812	51699
20150813	50853
20150814	45917
20150815	1828
20150816	973
20150817	57822
20150818	55100
20150819	48491
20150820	48525
20150821	43874
20150822	1835
20150823	1036
20150824	60575
20150825	55559
20150826	50892
20150827	50069
20150828	45600
20150829	1682
20150830	1087
20150831	6430
20150901	57783
20150902	53553
20150903	54535
20150904	45895
20150905	1802
20150906	1065
20150907	60791
20150908	59618
20150909	53218
20150910	57702
20150911	48204
20150912	2476
20150913	1120
20150914	59329
20150915	56050
20150916	49053
20150917	55065
20150918	48265
20150919	3166
20150920	1419
20150921	63690
20150922	58945
20150923	51917
20150924	53249
20150925	51534
20150926	2009
20150927	1302
20150928	72281
20150929	61878
20150930	54721
20151001	57001
20151002	47862
20151003	3724
20151004	1075
20151005	63703
20151006	60327
20151007	56250
20151008	56194
20151009	52729
20151010	5584
20151011	1302
20151012	65940
20151013	65156
20151014	56425
20151015	56612
20151016	49213
20151017	4896
20151018	1154
20151019	65098
20151020	61312
20151021	53126
20151022	57556
20151023	51361
20151024	4083
20151025	1297
20151026	60923
20151027	59886
20151028	52500
20151029	52653
20151030	46787
20151031	1870
20151101	1402
20151102	63932
20151103	58367
20151104	55807
20151105	56206
20151106	50993
20151107	2517
20151108	1208
20151109	63914
20151110	55901
20151111	56679
20151112	56605
20151113	50037
20151114	2715
20151115	1535
20151116	64293
20151117	64608
20151118	55616
20151119	54651
20151120	54649
20151121	2821
20151122	1241
20151123	63549
20151124	57904
20151125	54966
20151126	52920
20151127	52037
20151128	2239
20151129	1123
20151130	61713
20151201	66184
20151202	52853
20151203	55684
20151204	50196
20151205	2295
20151206	1320
20151207	65443
20151208	64396
20151209	53188
20151210	55508
20151211	50942
20151212	3247
20151213	1312
20151214	67772
20151215	64997
20151216	56579
20151217	58810
20151218	52585
20151219	2563
20151220	1335
20151221	66146
20151222	58673
20151223	44638
20151224	31900
20151225	3313
20151226	994
20151227	1060
20151228	5764
20151229	46686
20151230	42203
20151231	34435
20160101	4495
20160102	1373
20160103	1204
20160104	62598
20160105	60987
20160106	55403
20160107	58585
20160108	51624
20160109	2576
20160110	1397
20160111	70239
20160112	63213
20160113	57617
20160114	58198
20160115	51874
20160116	2377
20160117	1372
20160118	67743
20160119	65118
20160120	54451
20160121	57820
20160122	50882
20160123	2992
20160124	1356
20160125	68290
20160126	63057
20160127	60416
20160128	53688
20160129	51942
20160130	2629
20160131	1373
20160201	68863
20160202	64547
20160203	55680
20160204	66682
20160205	59508
20160206	2539
20160207	1635
20160208	68538
20160209	66618
20160210	57305
20160211	60403
20160212	53935
20160213	2957
20160214	1316
20160215	63627
20160216	68377
20160217	53618
20160218	59620
20160219	47040
20160220	3429
20160221	1380
20160222	75064
20160223	61716
20160224	56549
20160225	58639
20160226	52674
20160227	2646
20160228	1552
20160229	99028
20160301	63012
20160302	58308
20160303	59499
20160304	51333
20160305	3032
20160306	1165
20160307	65001
20160308	64419
20160309	65274
20160310	63583
20160311	53558
20160312	2480
20160313	1245
20160314	70382
20160315	67260
20160316	56887
20160317	73418
20160318	51515
20160319	2796
20160320	1449
20160321	68859
20160322	65040
20160323	61323
20160324	67134
20160325	4999
20160326	1473
20160327	1217
20160328	5672
20160329	65643
20160330	82548
20160331	79739
20160401	58906
20160402	2366
20160403	1488
20160404	65742
20160405	73119
20160406	54937
20160407	55415
20160408	49637
20160409	2156
20160410	1140
20160411	63118
20160412	61556
20160413	57888
20160414	58818
20160415	50782
20160416	2377
20160417	1359
20160418	65595
20160419	61820
20160420	56463
20160421	58119
20160422	49471
20160423	2284
20160424	1255
20160425	67713
20160426	67996
20160427	60139
20160428	58052
20160429	55606
20160430	2794
20160501	1299
20160502	5867
20160503	69294
20160504	62816
20160505	61245
20160506	53669
20160507	2499
20160508	1437
20160509	67043
20160510	65681
20160511	55924
20160512	58650
20160513	53034
20160514	2480
20160515	1171
20160516	66630
20160517	65133
20160518	59112
20160519	59886
20160520	54715
20160521	2916
20160522	1420
20160523	66657
20160524	64111
20160525	49163
20160526	60972
20160527	54102
20160528	1949
20160529	1112
20160530	5814
20160531	62712
20160601	57404
20160602	60646
20160603	53898
20160604	2310
20160605	1509
20160606	67497
20160607	64800
20160608	54239
20160609	59420
20160610	54144
20160611	2170
20160612	1227
20160613	63892
20160614	61659
20160615	58011
20160616	59670
20160617	56157
20160618	2453
20160619	1418
20160620	68710
20160621	65556
20160622	57974
20160623	63157
20160624	55193
20160625	2457
20160626	1359
20160627	68205
20160628	61487
20160629	58521
20160630	60245
20160701	53344
20160702	2329
20160703	1264
20160704	65689
20160705	64090
20160706	57666
20160707	59989
20160708	54008
20160709	2700
20160710	1107
20160711	64398
20160712	63718
20160713	57385
20160714	55501
20160715	54923
20160716	2516
20160717	1154
20160718	65087
20160719	63200
20160720	55404
20160721	58194
20160722	53354
20160723	2835
20160724	1408
20160725	65517
20160726	62342
20160727	55691
20160728	56707
20160729	52193
20160730	2581
20160731	1748
20160801	63257
20160802	63344
20160803	55454
20160804	55953
20160805	53484
20160806	2818
20160807	1159
20160808	62703
20160809	60666
20160810	54121
20160811	58014
20160812	54405
20160813	2475
20160814	1215
20160815	63343
20160816	60478
20160817	53696
20160818	54907
20160819	50435
20160820	2849
20160821	1200
20160822	65578
20160823	60329
20160824	56052
20160825	57648
20160826	48762
20160827	2493
20160828	1246
20160829	5862
20160830	65050
20160831	58931
20160901	69588
20160902	56431
20160903	3564
20160904	1170
20160905	67686
20160906	65002
20160907	59773
20160908	67123
20160909	53369
20160910	2735
20160911	1134
20160912	64673
20160913	66684
20160914	59129
20160915	63026
20160916	56467
20160917	3389
20160918	1470
20160919	66045
20160920	69106
20160921	62211
20160922	59669
20160923	56385
20160924	4578
20160925	1442
20160926	72134
20160927	70846
20160928	61194
20160929	66520
20160930	62248
20161001	5951
20161002	1270
20161003	71677
20161004	69661
20161005	64858
20161006	63940
20161007	56485
20161008	7100
20161009	1453
20161010	86889
20161011	71623
20161012	64109
20161013	63274
20161014	56661
20161015	6935
20161016	2243
20161017	73241
20161018	67282
20161019	65840
20161020	67003
20161021	60134
20161022	4381
20161023	1387
20161024	65894
20161025	60071
20161026	63027
20161027	56876
20161028	54904
20161029	2524
20161030	2124
20161031	69282
20161101	71268
20161102	63204
20161103	66863
20161104	57319
20161105	3341
20161106	1317
20161107	70856
20161108	68597
20161109	62113
20161110	63052
20161111	57909
20161112	4304
20161113	1285
20161114	69697
20161115	66813
20161116	57342
20161117	61942
20161118	55073
20161119	3529
20161120	1586
20161121	67372
20161122	61263
20161123	65435
20161124	68317
20161125	58028
20161126	3259
20161127	1316
20161128	70158
20161129	68947
20161130	63967
20161201	64973
20161202	56996
20161203	3134
20161204	1771
20161205	73044
20161206	70158
20161207	62827
20161208	63585
20161209	57897
20161210	3057
20161211	1673
20161212	71285
20161213	71811
20161214	62798
20161215	64468
20161216	60453
20161217	3195
20161218	1728
20161219	75385
20161220	72342
20161221	62756
20161222	57666
20161223	50212
20161224	1454
20161225	865
20161226	4669
20161227	4897
20161228	51676
20161229	50977
20161230	45337
20161231	1647
20170101	2122
20170102	4576
20170103	68765
20170104	65591
20170105	64995
20170106	62173
20170107	3059
20170108	1625
20170109	71956
20170110	73864
20170111	65470
20170112	68482
20170113	62199
20170114	3213
20170115	1623
20170116	73579
20170117	73811
20170118	66684
20170119	68249
20170120	62433
20170121	3004
20170122	1397
20170123	75347
20170124	74035
20170125	64321
20170126	67490
20170127	61832
20170128	4009
20170129	1612
20170130	75539
20170131	76640
20170201	70935
20170202	70237
20170203	63114
20170204	3269
20170205	1785
20170206	76382
20170207	75120
20170208	69064
20170209	70598
20170210	63853
20170211	4068
20170212	1935
20170213	77480
20170214	72548
20170215	64150
20170216	66881
20170217	60400
20170218	3764
20170219	1601
20170220	71992
20170221	65118
20170222	62025
20170223	58978
20170224	55325
20170225	3415
20170226	1528
20170227	74245
20170228	74059
20170301	73338
20170302	66310
20170303	64322
20170304	3369
20170305	1590
20170306	78701
20170307	73647
20170308	69057
20170309	66560
20170310	63196
20170311	3869
20170312	1872
20170313	79646
20170314	72224
20170315	68904
20170316	65823
20170317	62371
20170318	3435
20170319	1914
20170320	78327
20170321	77267
20170322	65497
20170323	63618
20170324	59439
20170325	3249
20170326	1265
20170327	76610
20170328	72938
20170329	65528
20170330	69955
20170331	60900
20170401	3965
20170402	1704
20170403	72747
20170404	71904
20170405	63435
20170406	65541
20170407	56319
20170408	2875
20170409	1878
20170410	72175
20170411	73292
20170412	58318
20170413	60208
20170414	5359
20170415	1564
20170416	1085
20170417	5384
20170418	74342
20170419	66685
20170420	68694
20170421	59275
20170422	2733
20170423	1756
20170424	79217
20170425	76934
20170426	67338
20170427	68384
20170428	63584
20170429	2159
20170430	1450
20170501	5489
20170502	78038
20170503	73913
20170504	69955
20170505	66976
20170506	3049
20170507	1693
20170508	73560
20170509	75216
20170510	66469
20170511	63147
20170512	58875
20170513	2540
20170514	1316
20170515	74156
20170516	72110
20170517	65623
20170518	68829
20170519	60868
20170520	3516
20170521	1608
20170522	73896
20170523	70586
20170524	61730
20170525	66626
20170526	57408
20170527	2266
20170528	1498
20170529	5909
20170530	72803
20170531	66877
20170601	69317
20170602	57096
20170603	2837
20170604	1727
20170605	73148
20170606	72911
20170607	62655
20170608	63456
20170609	60705
20170610	3377
20170611	1621
20170612	78298
20170613	66389
20170614	62914
20170615	69147
20170616	59560
20170617	2737
20170618	1574
20170619	74858
20170620	74667
20170621	60815
20170622	63370
20170623	59339
20170624	2658
20170625	1508
20170626	74792
20170627	75484
20170628	62777
20170629	67593
20170630	61076
20170701	2714
20170702	1623
20170703	75601
20170704	73747
20170705	68717
20170706	65161
20170707	61464
20170708	2412
20170709	1832
20170710	74443
20170711	73587
20170712	66580
20170713	66815
20170714	61539
20170715	3197
20170716	1815
20170717	83054
20170718	76910
20170719	67854
20170720	69757
20170721	67274
20170722	2473
20170723	1531
20170724	73939
20170725	73427
20170726	63740
20170727	64046
20170728	58240
20170729	2235
20170730	1655
20170731	76771
20170801	71097
20170802	63536
20170803	68160
20170804	63159
20170805	2342
20170806	1527
20170807	72388
20170808	85110
20170809	65453
20170810	64353
20170811	58573
20170812	2516
20170813	1515
20170814	75851
20170815	71641
20170816	67624
20170817	68657
20170818	62970
20170819	2697
20170820	1899
20170821	78713
20170822	71401
20170823	67407
20170824	65531
20170825	60628
20170826	2595
20170827	1400
20170828	7379
20170829	73550
20170830	70145
20170831	69517
20170901	63371
20170902	2556
20170903	1730
20170904	81418
20170905	83406
20170906	66171
20170907	76952
20170908	64518
20170909	2828
20170910	2056
20170911	73833
20170912	87439
20170913	67158
20170914	71146
20170915	61520
20170916	5066
20170917	3069
20170918	79382
20170919	74869
20170920	68743
20170921	71931
20170922	62126
20170923	5310
20170924	2131
20170925	80270
20170926	83385
20170927	73119
20170928	75717
20170929	67192
20170930	4288
20171001	2613
20171002	80615
20171003	77577
20171004	76832
20171005	73355
20171006	64139
20171007	7843
20171008	1986
20171009	80213
20171010	79239
20171011	71854
20171012	72579
20171013	63266
20171014	4240
20171015	1992
20171016	80970
20171017	82328
20171018	68410
20171019	70455
20171020	64469
20171021	5338
20171022	1813
20171023	77406
20171024	74970
20171025	68873
20171026	69983
20171027	61041
20171028	3596
20171029	2031
20171030	79964
20171031	76225
20171101	77658
20171102	74773
20171103	67453
20171104	2889
20171105	1792
20171106	80300
20171107	73113
20171108	71491
20171109	74706
20171110	67742
20171111	3208
20171112	1906
20171113	81974
20171114	78981
20171115	69373
20171116	72896
20171117	65638
20171118	3059
20171119	2146
20171120	84044
20171121	78015
20171122	71953
20171123	69607
20171124	67240
20171125	2999
20171126	1910
20171127	92730
20171128	77339
20171129	67817
20171130	71791
20171201	61325
20171202	2978
20171203	1606
20171204	78982
20171205	78512
20171206	69925
20171207	68272
20171208	63724
20171209	8450
20171210	1879
20171211	80517
20171212	78322
20171213	69879
20171214	72127
20171215	62652
20171216	2710
20171217	2595
20171218	84034
20171219	80332
20171220	71879
20171221	67553
20171222	53880
20171223	2317
20171224	1291
20171225	6334
20171226	6187
20171227	56301
20171228	57435
20171229	48482
20171230	1968
20171231	2026
20180101	6992
20180102	70334
20180103	70464
20180104	71310
20180105	63010
20180106	2916
20180107	2056
20180108	89396
20180109	83292
20180110	75647
20180111	73098
20180112	69614
20180113	3693
20180114	2119
20180115	83620
20180116	81428
20180117	74860
20180118	77925
20180119	67596
20180120	2907
20180121	2013
20180122	82779
20180123	81444
20180124	72070
20180125	75173
20180126	67118
20180127	3028
20180128	2233
20180129	88302
20180130	81667
20180131	78006
20180201	78873
20180202	67718
20180203	2528
20180204	2107
20180205	86687
20180206	79441
20180207	78560
20180208	76469
20180209	67883
20180210	3013
20180211	2071
20180212	80040
20180213	79052
20180214	72429
20180215	71153
20180216	67418
20180217	3043
20180218	2138
20180219	85135
20180220	82000
20180221	74591
20180222	68006
20180223	63463
20180224	2796
20180225	1885
20180226	84941
20180227	77580
20180228	72968
20180301	70596
20180302	65506
20180303	2730
20180304	2526
20180305	85642
20180306	79927
20180307	73794
20180308	74941
20180309	67677
20180310	4709
20180311	1894
20180312	85619
20180313	83907
20180314	71508
20180315	77036
20180316	67505
20180317	3257
20180318	2050
20180319	84083
20180320	83147
20180321	71217
20180322	78045
20180323	65621
20180324	3118
20180325	2255
20180326	85782
20180327	79455
20180328	67601
20180329	73334
20180330	7874
20180331	2255
20180401	1774
20180402	10068
20180403	79114
20180404	75879
20180405	72056
20180406	66566
20180407	2557
20180408	2155
20180409	84655
20180410	80798
20180411	71811
20180412	75168
20180413	65325
20180414	3236
20180415	2125
20180416	86251
20180417	80371
20180418	73345
20180419	72534
20180420	66651
20180421	3121
20180422	2231
20180423	84803
20180424	81675
20180425	75392
20180426	77049
20180427	66258
20180428	2718
20180429	5348
20180430	89447
20180501	84955
20180502	79845
20180503	78796
20180504	69672
20180505	2752
20180506	1690
20180507	9269
20180508	84965
20180509	77983
20180510	84147
20180511	75989
20180512	2926
20180513	1873
20180514	85990
20180515	77438
20180516	74158
20180517	82580
20180518	79235
20180519	3143
20180520	2221
20180521	84711
20180522	71973
20180523	76745
20180524	81318
20180525	65102
20180526	2912
20180527	1753
20180528	6426
20180529	77272
20180530	76810
20180531	76905
20180601	71624
20180602	2990
20180603	2186
20180604	88569
20180605	83714
20180606	80832
20180607	74942
20180608	63419
20180609	3782
20180610	2517
20180611	82462
20180612	79785
20180613	71658
20180614	74229
20180615	61232
20180616	3016
20180617	1969
20180618	83105
20180619	82000
20180620	73329
20180621	73442
20180622	65228
20180623	3569
20180624	2348
20180625	79391
20180626	85269
20180627	74664
20180628	71808
20180629	61929
20180630	2776
20180701	2155
20180702	83877
20180703	77495
20180704	71547
20180705	73511
20180706	67723
20180707	10224
20180708	3544
20180709	78938
20180710	79612
20180711	73739
20180712	78970
20180713	66251
20180714	2935
20180715	3157
20180716	82708
20180717	79523
20180718	76095
20180719	78202
20180720	65925
20180721	3760
20180722	3349
20180723	83615
20180724	80014
20180725	73258
20180726	72403
20180727	62983
20180728	3443
20180729	3468
20180730	82799
20180731	81336
20180801	70875
20180802	71142
20180803	62830
20180804	3133
20180805	3542
20180806	81678
20180807	77661
20180808	70761
20180809	74167
20180810	63633
20180811	3497
20180812	4258
20180813	82940
20180814	75615
20180815	69420
20180816	67912
20180817	61536
20180818	3520
20180819	3864
20180820	79716
20180821	81900
20180822	71561
20180823	72760
20180824	61343
20180825	3255
20180826	2369
20180827	8928
20180828	77546
20180829	72739
20180830	75856
20180831	62887
20180901	4103
20180902	4380
20180903	88232
20180904	82449
20180905	73481
20180906	81656
20180907	72875
20180908	7860
20180909	4632
20180910	89078
20180911	85041
20180912	72711
20180913	88975
20180914	70779
20180915	6513
20180916	4777
20180917	90668
20180918	91136
20180919	78665
20180920	76746
20180921	69363
20180922	5435
20180923	4955
20180924	90228
20180925	85146
20180926	76033
20180927	80339
20180928	68952
20180929	6426
20180930	4517
20181001	86547
20181002	87843
20181003	80127
20181004	81959
20181005	71133
20181006	4937
20181007	4690
20181008	92353
20181009	97908
20181010	81432
20181011	85557
20181012	80557
20181013	8607
20181014	5657
20181015	95273
20181016	87409
20181017	80489
20181018	81785
20181019	74780
20181020	5008
20181021	5311
20181022	92855
20181023	84616
20181024	80721
20181025	83362
20181026	67856
20181027	6139
20181028	5547
20181029	96617
20181030	95449
20181031	82663
20181101	83453
20181102	73207
20181103	6531
20181104	5299
20181105	98016
20181106	84959
20181107	79543
20181108	82856
20181109	74207
20181110	4961
20181111	5686
20181112	92404
20181113	91897
20181114	79308
20181115	79781
20181116	71988
20181117	6980
20181118	5321
20181119	88119
20181120	87035
20181121	80909
20181122	81425
20181123	68781
20181124	6985
20181125	5800
20181126	92712
20181127	71721
20181128	77841
20181129	80991
20181130	70695
20181201	4693
20181202	6575
20181203	90813
20181204	91580
20181205	82043
20181206	83724
20181207	76013
20181208	6408
20181209	5770
20181210	89737
20181211	88359
20181212	85953
20181213	82867
20181214	71391
20181215	6327
20181216	5721
20181217	100996
20181218	91262
20181219	84516
20181220	83785
20181221	69620
20181222	3291
20181223	2979
20181224	60545
20181225	6699
20181226	6777
20181227	62190
20181228	60703
20181229	2354
20181230	3828
20181231	62974
20190101	8571
20190102	70391
20190103	80220
20190104	76458
20190105	4586
20190106	5732
20190107	101770
20190108	92126
20190109	85255
20190110	88070
20190111	84331
20190112	5034
20190113	6175
20190114	97406
20190115	92237
20190116	83411
20190117	86341
20190118	75873
20190119	5525
20190120	6136
20190121	94569
20190122	89205
20190123	85444
20190124	83645
20190125	75484
20190126	4992
20190127	5848
20190128	96459
20190129	92639
20190130	71688
20190131	88342
20190201	76479
20190202	4211
20190203	5189
20190204	93983
20190205	88378
20190206	83565
20190207	85220
20190208	75960
20190209	4853
20190210	6073
20190211	95759
20190212	91694
20190213	84557
20190214	85999
20190215	76551
20190216	5874
20190217	8043
20190218	85546
20190219	82666
20190220	78606
20190221	78520
20190222	72112
20190223	4868
20190224	6764
20190225	98121
20190226	88812
20190227	85220
20190228	84301
20190301	74621
20190302	4328
20190303	6676
20190304	94610
20190305	91765
20190306	84051
20190307	86551
20190308	78314
20190309	5172
20190310	7608
20190311	96724
20190312	88918
20190313	85071
20190314	85751
20190315	72528
20190316	4894
20190317	5835
20190318	87816
20190319	89232
20190320	80433
20190321	82364
20190322	74907
20190323	4357
20190324	5577
20190325	91206
20190326	86031
20190327	78289
20190328	79359
20190329	73870
20190330	4320
20190331	5760
20190401	97198
20190402	88984
20190403	79898
20190404	83149
20190405	75866
20190406	4828
20190407	6288
20190408	97011
20190409	91613
20190410	84543
20190411	81753
20190412	75346
20190413	4747
20190414	6181
20190415	93653
20190416	89364
20190417	83040
20190418	79647
20190419	6455
20190420	3128
20190421	2941
20190422	10716
20190423	89780
20190424	107738
20190425	83288
20190426	78109
20190427	4453
20190428	6145
20190429	97568
20190430	91648
20190501	86153
20190502	86920
20190503	74106
20190504	3991
20190505	3226
20190506	9698
20190507	98958
20190508	86505
20190509	86715
20190510	77867
20190511	4413
20190512	6240
20190513	98645
20190514	88843
20190515	82114
20190516	83292
20190517	81512
20190518	4787
20190519	6784
20190520	96504
20190521	80451
20190522	86850
20190523	89365
20190524	81632
20190525	4242
20190526	3607
20190527	10042
20190528	90386
20190529	76573
20190530	79300
20190531	73733
20190601	14683
20190602	6280
20190603	95726
20190604	89147
20190605	84199
20190606	82414
20190607	78299
20190608	5168
20190609	5988
20190610	97910
20190611	91871
20190612	79644
20190613	84779
20190614	81922
20190615	4643
20190616	6034
20190617	92625
20190618	88202
20190619	85160
20190620	83579
20190621	83796
20190622	4611
20190623	6474
20190624	97938
20190625	88626
20190626	80007
20190627	80093
20190628	70968
20190629	4967
20190630	6281
20190701	92671
20190702	87655
20190703	85574
20190704	83825
20190705	72742
20190706	4445
20190707	6336
20190708	98172
20190709	84696
20190710	85628
20190711	80150
20190712	73962
20190713	4794
20190714	6222
20190715	94805
20190716	87712
20190717	82078
20190718	82226
20190719	72103
20190720	4836
20190721	6322
20190722	91280
20190723	88246
20190724	77014
20190725	75133
20190726	68016
20190727	4509
20190728	6140
20190729	92976
20190730	87341
20190731	78546
20190801	82082
20190802	72267
20190803	5316
20190804	5896
20190805	91482
20190806	89527
20190807	74814
20190808	81278
20190809	74691
20190810	4595
20190811	5873
20190812	92503
20190813	88510
20190814	84342
20190815	77824
20190816	75427
20190817	3988
20190818	5567
20190819	99449
20190820	89967
20190821	80082
20190822	75258
20190823	76463
20190824	8356
20190825	3054
20190826	11433
20190827	90239
20190828	88110
20190829	82342
20190830	75446
20190831	4222
20190901	9233
20190902	94133
20190903	95147
20190904	85950
20190905	88248
20190906	85847
20190907	5344
20190908	6468
20190909	101419
20190910	96318
20190911	80138
20190912	83028
20190913	76989
20190914	6904
20190915	6820
20190916	104049
20190917	102407
20190918	97507
20190919	89479
20190920	80400
20190921	8236
20190922	7787
20190923	98284
20190924	96745
20190925	90170
20190926	89582
20190927	79292
20190928	9659
20190929	7593
20190930	107051
20191001	108160
20191002	99231
20191003	84509
20191004	89856
20191005	9680
20191006	7312
20191007	97862
20191008	92968
20191009	85129
20191010	97565
20191011	81730
20191012	7724
20191013	7189
20191014	98889
20191015	97131
20191016	87244
20191017	88953
20191018	79636
20191019	7625
20191020	7112
20191021	95534
20191022	88833
20191023	77699
20191024	82627
20191025	70126
20191026	5266
20191027	7168
20191028	94268
20191029	94692
20191030	83870
20191031	86413
20191101	85216
20191102	7120
20191103	7473
20191104	97509
20191105	86673
20191106	84889
20191107	85939
20191108	85341
20191109	9257
20191110	7175
20191111	95970
20191112	92415
20191113	82608
20191114	89387
20191115	82042
20191116	7918
20191117	7811
20191118	92117
20191119	101718
20191120	87288
20191121	80818
20191122	80430
20191123	6120
20191124	7630
20191125	97815
20191126	98316
20191127	84844
20191128	85566
20191129	76941
20191130	6694
20191201	8125
20191202	91453
20191203	87285
20191204	82575
20191205	83810
20191206	79916
20191207	5512
20191208	6962
20191209	103778
20191210	89857
20191211	79278
20191212	88855
20191213	84808
20191214	5867
20191215	7966
20191216	98778
20191217	97462
20191218	87396
20191219	87415
20191220	80599
20191221	3910
20191222	5508
20191223	81985
20191224	55814
20191225	5361
20191226	6414
20191227	58031
20191228	3024
20191229	4064
20191230	77282
20191231	61064
20200101	7751
20200102	75644
20200103	77046
20200104	5449
20200105	6832
20200106	97771
20200107	99380
20200108	83755
20200109	88960
20200110	85517
20200111	7395
20200112	7993
20200113	102244
20200114	97596
20200115	85730
20200116	91383
20200117	84464
20200118	5640
20200119	7587
20200120	100174
20200121	96693
20200122	82281
20200123	87319
20200124	87593
20200125	6221
20200126	8152
20200127	99724
20200128	88611
20200129	86101
20200130	84234
20200131	77812
20200201	6056
20200202	7911
20200203	99385
20200204	104388
20200205	89394
20200206	86598
20200207	88243
20200208	5988
20200209	7877
20200210	104129
20200211	91410
20200212	107451
20200213	91421
20200214	78118
20200215	14883
20200216	7649
20200217	112929
20200218	97538
20200219	96282
20200220	81731
20200221	77196
20200222	5588
20200223	8244
20200224	95955
20200225	97115
20200226	81508
20200227	87570
20200228	85904
20200229	6814
20200301	6949
20200302	96761
20200303	104627
20200304	108802
20200305	87414
20200306	93943
20200307	6643
20200308	8072
20200309	100286
20200310	122776
20200311	120416
20200312	134045
20200313	97956
20200314	5872
20200315	12577
20200316	101963
20200317	91771
20200318	93167
20200319	64346
20200320	58982
20200321	2747
20200322	3112
20200323	84381
20200324	63058
20200325	57372
20200326	60220
20200327	51635
20200328	2937
20200329	3783
20200330	59262
20200331	51560
20200401	45429
20200402	43512
20200403	55630
20200404	1571
20200405	1725
20200406	61641
20200407	69605
20200408	57777
20200409	92042
20200410	36821
20200411	1875
20200412	1581
20200413	24280
20200414	55574
20200415	60498
20200416	49465
20200417	47849
20200418	2014
20200419	10832
20200420	56268
20200421	77576
20200422	45193
20200423	46125
20200424	44929
20200425	1487
20200426	1605
20200427	56889
20200428	51681
20200429	51317
20200430	50696
20200501	44731
20200502	1370
20200503	1490
20200504	62478
20200505	58715
20200506	60999
20200507	98098
20200508	15729
20200509	1486
20200510	1690
20200511	62068
20200512	54175
20200513	49740
20200514	50945
20200515	46301
20200516	1697
20200517	1584
20200518	88785
20200519	52949
20200520	47835
20200521	47095
20200522	34897
20200523	757
20200524	738
20200525	5855
20200526	20741
20200527	4670
20200528	4890
20200529	4725
20200530	202
20200531	109
20200601	3588
20200602	4366
20200603	3505
20200604	4150
20200605	4156
20200606	106
20200607	66
20200608	2812
20200609	3217
20200610	2893
20200611	3248
20200612	3352
20200613	126
20200614	67
20200615	1999
20200616	2432
20200617	2049
20200618	2548
20200619	2287
20200620	86
20200621	45
20200622	1805
20200623	1698
20200624	1605
20200625	1990
20200626	1764
20200627	73
20200628	11
20200629	1399
20200630	1288
20200701	1215
20200702	1660
20200703	1572
20200704	36
20200705	7
20200706	1260
20200707	1119
20200708	1137
20200709	1340
20200710	1263
20200711	36
20200712	6
20200713	875
20200714	1083
20200715	931
20200716	1194
20200717	1089
20200718	44
20200719	38
20200720	926
20200721	850
20200722	778
20200723	1062
20200724	703
20200725	50
20200726	14
20200727	692
20200728	648
20200729	490
20200730	821
20200731	638
20200801	4
20200802	3
20200803	561
20200804	513
20200805	478
20200806	550
20200807	532
20200808	29
20200809	4
20200810	374
20200811	502
20200812	332
20200813	352
20200814	399
20200815	38
20200816	21
20200817	509
20200818	376
20200819	336
20200820	355
20200821	280
20200822	30
20200823	9
20200824	407
20200825	230
20200826	209
20200827	373
20200828	234
20200829	12
20200831	385
20200901	297
20200902	319
20200903	266
20200904	298
20200905	27
20200906	2
20200907	261
20200908	350
20200909	270
20200910	292
20200911	343
20200912	24
20200913	17
20200914	479
20200915	321
20200916	299
20200917	274
20200918	212
20200919	17
20200920	7
20200921	327
20200922	182
20200923	173
20200924	299
20200925	164
20200926	1
20200927	4
20200928	290
20200929	211
20200930	223
20201001	216
20201002	183
20201003	13
20201004	2
20201005	181
20201006	243
20201007	193
20201008	228
20201009	208
20201010	14
20201011	15
20201012	257
20201013	211
20201014	187
20201015	146
20201016	171
20201017	18
20201018	6
20201019	180
20201020	115
20201021	120
20201022	168
20201023	91
20201024	3
20201026	178
20201027	138
20201028	139
20201029	136
20201030	126
20201031	12
20201101	1
20201102	115
20201103	157
20201104	123
20201105	137
20201106	174
20201107	13
20201108	11
20201109	191
20201110	161
20201111	128
20201112	56
20201113	112
20201114	6
20201115	3
20201116	141
20201117	89
20201118	69
20201119	112
20201120	84
20201121	1
20201123	113
20201124	77
20201125	93
20201126	88
20201127	70
20201128	10
20201129	2
20201130	97
20201201	113
20201202	73
20201203	81
20201204	146
20201205	4
20201206	7
20201207	143
20201208	135
20201209	90
20201210	45
20201211	115
20201212	5
20201213	4
20201214	122
20201215	68
20201216	57
20201217	87
20201218	78
20201219	5
20201220	2
20201221	75
20201222	61
20201223	73
20201224	70
20201225	54
20201226	9
20201227	2
20201228	63
20201229	100
20201230	84
20201231	80
20210101	144
20210102	5
20210103	7
20210104	117
20210105	120
20210106	80
20210107	34
20210108	73
20210110	5
20210111	107
20210112	68
20210113	58
20210114	75
20210115	56
20210116	1
20210118	81
20210119	45
20210120	51
20210121	58
20210122	45
20210123	9
20210125	44
20210126	91
20210127	58
20210128	58
20210129	86
20210130	1
20210131	2
20210201	73
20210202	101
20210203	57
20210204	22
20210205	85
20210206	1
20210207	3
20210208	86
20210209	33
20210210	43
20210211	66
20210212	50
20210213	3
20210215	59
20210216	24
20210217	50
20210218	49
20210219	44
20210222	26
20210223	36
20210224	35
20210225	26
20210226	33
20210227	1
20210301	46
20210302	38
20210303	20
20210304	7
20210305	21
20210308	76
20210309	14
20210310	21
20210311	52
20210312	33
20210313	1
20210314	1
20210315	41
20210316	9
20210317	18
20210318	41
20210319	33
20210322	15
20210323	16
20210324	17
20210325	17
20210326	17
20210328	1
20210329	25
20210330	28
20210331	8
20210401	1
20210402	13
20210405	18
20210406	4
20210407	1
20210408	3
20210409	2
20210412	18
20210413	1
20210414	7
20210415	11
20210416	5
20210419	10
20210420	3
20210421	9
20210422	3
20210427	1
20210504	1
20210511	1
20210518	1
20210606	1
20210707	1
20210923	1
20220117	1
20220226	1
20220304	4
20220325	1
20220407	1
20221123	1
20230102	2
20230124	1
20230401	1
20230404	1
20240101	1
20240104	2
20240711	1
20240718	1
20240925	1
20250201	1
20250716	1
20260402	1
20261027	1
20270101	1
20270107	1
20270222	1
20270620	1
20280312	2
20281110	1
20290210	2
20290501	2
20300101	1
20300201	1
20300423	1
20300501	1
20300926	1
20310218	1
20320404	1
20321121	1
20330327	1
20330329	1
20340103	1
20340720	1
20351212	1
20360712	1
20361008	1
20361229	1
20370903	1
20401206	1
20410101	1
20410729	1
20411112	1
20411221	1
20420428	1
20421025	1
20430118	1
20430812	1
20430923	1
20450407	1
20460101	1
20460621	1
20471120	1
20480327	1
20490531	1
20490906	1
20500101	1
20500927	1
20510101	1
20510410	1
20520401	1
20520422	2
20521111	1
20530403	1
20530711	1
20540207	1
20540525	1
20541128	1
20550317	1
20550706	1
20560114	1
20560212	1
20560419	1
20560530	1
20571007	1
20580116	1
20580403	1
20581027	1
20581110	1
20590407	1
20590510	1
20600122	1
20610705	1
20610718	1
20611009	1
20620628	1
20620705	1
20620707	1
20621205	1
20640101	4
20640310	1
20640531	1
20641014	1
20641231	1
20650101	4
20650204	1
20650328	1
20650605	1
20650726	1
20650820	1
20651110	1
20651215	1
20660305	1
20660609	1
20660613	1
20670212	1
20670517	1
20670615	1
20671127	1
20671207	1
20680101	5
20680304	1
20680320	1
20680601	1
20680605	2
20681111	1
20681212	1
20690201	1
20691230	1
20700101	1
20700506	1
20700919	1
20701128	1
20721218	1
20730101	1
20730523	1
20731221	1
20740103	1
20740314	1
20740629	1
20750101	1
20750704	1
20751009	1
20760101	8
20760515	1
20761101	1
20770101	2
20780909	1
20790101	5
20800101	4
20820101	3
20820323	1
20820914	1
20821103	1
20830317	1
20840101	1
20850101	4
20850201	1
20850628	1
20880101	1
20900101	5
20930910	3
20930922	1
20940101	1
20940608	1
20940920	1
20950101	1
20960605	1
20970116	1
20970303	1
20970506	1
20971002	1
20971112	1
20980318	1
20980326	1
20980708	1
20990626	3
20990913	1
20991117	1
20991208	7
20991223	5
21030101	1
21060503	4
21110112	2
21230907	1
21250102	2
21991021	4
21991028	4
21991104	4
21991111	4
23190315	2
26190327	2
26190923	1
28200102	2
28200303	1
29171026	5
29200130	2
29200507	2
38171102	5
47171109	5
64011101	2
70180516	2
70190121	1
70190125	2
71990801	3
99991231	1