20100102	2
20100103	7
20100104	339
20100105	66
20100106	105
20100107	214
20100108	220
20100109	11
20100110	9
20100111	348
20100112	374
20100113	348
20100114	363
20100115	295
20100116	26
20100117	13
20100118	390
20100119	440
20100120	372
20100121	356
20100122	337
20100123	12
20100124	15
20100125	649
20100126	515
20100127	430
20100128	447
20100129	479
20100130	12
20100131	6
20100201	503
20100202	930
20100203	383
20100204	625
20100205	635
20100206	22
20100207	9
20100208	336
20100209	499
20100210	550
20100211	396
20100212	323
20100213	18
20100214	9
20100215	464
20100216	334
20100217	451
20100218	331
20100219	232
20100220	14
20100221	3
20100222	596
20100223	467
20100224	439
20100225	428
20100226	332
20100227	36
20100228	30
20100301	510
20100302	449
20100303	380
20100304	325
20100305	380
20100306	11
20100307	8
20100308	533
20100309	333
20100310	429
20100311	784
20100312	275
20100313	8
20100314	9
20100315	976
20100316	437
20100317	385
20100318	401
20100319	318
20100320	21
20100321	7
20100322	462
20100323	406
20100324	329
20100325	341
20100326	297
20100327	7
20100328	9
20100329	428
20100330	372
20100331	440
20100401	363
20100402	10
20100403	5
20100404	10
20100405	7
20100406	310
20100407	311
20100408	297
20100409	229
20100410	8
20100411	2
20100412	338
20100413	1022
20100414	468
20100415	322
20100416	321
20100417	15
20100418	10
20100419	350
20100420	379
20100421	293
20100422	351
20100423	398
20100424	15
20100425	6
20100426	521
20100427	477
20100428	354
20100429	398
20100430	278
20100501	89
20100502	6
20100503	12
20100504	383
20100505	353
20100506	791
20100507	364
20100508	14
20100509	8
20100510	340
20100511	529
20100512	461
20100513	491
20100514	439
20100515	29
20100516	13
20100517	876
20100518	504
20100519	383
20100520	397
20100521	301
20100522	23
20100523	12
20100524	403
20100525	593
20100526	393
20100527	353
20100528	266
20100529	13
20100530	7
20100531	22
20100601	502
20100602	413
20100603	393
20100604	272
20100605	19
20100606	13
20100607	377
20100608	478
20100609	729
20100610	399
20100611	414
20100612	32
20100613	6
20100614	381
20100615	482
20100616	446
20100617	378
20100618	357
20100619	20
20100620	5
20100621	322
20100622	500
20100623	419
20100624	357
20100625	285
20100626	25
20100627	8
20100628	405
20100629	381
20100630	338
20100701	525
20100702	444
20100703	10
20100704	9
20100705	379
20100706	679
20100707	483
20100708	360
20100709	512
20100710	11
20100711	9
20100712	382
20100713	402
20100714	440
20100715	260
20100716	426
20100717	13
20100718	7
20100719	341
20100720	404
20100721	360
20100722	319
20100723	411
20100724	10
20100725	7
20100726	396
20100727	479
20100728	476
20100729	406
20100730	398
20100731	50
20100801	20
20100802	701
20100803	403
20100804	374
20100805	342
20100806	306
20100807	17
20100808	6
20100809	367
20100810	384
20100811	345
20100812	442
20100813	335
20100814	16
20100815	2
20100816	383
20100817	441
20100818	437
20100819	409
20100820	1315
20100821	7
20100822	10
20100823	312
20100824	376
20100825	315
20100826	401
20100827	230
20100828	7
20100829	6
20100830	7
20100831	392
20100901	492
20100902	370
20100903	274
20100904	9
20100905	9
20100906	481
20100907	369
20100908	388
20100909	382
20100910	291
20100911	9
20100912	3
20100913	416
20100914	1191
20100915	416
20100916	468
20100917	329
20100918	34
20100919	15
20100920	410
20100921	442
20100922	406
20100923	364
20100924	275
20100925	15
20100926	7
20100927	489
20100928	434
20100929	419
20100930	440
20101001	324
20101002	36
20101003	5
20101004	397
20101005	470
20101006	350
20101007	360
20101008	352
20101009	58
20101010	17
20101011	465
20101012	480
20101013	361
20101014	382
20101015	500
20101016	29
20101017	5
20101018	641
20101019	412
20101020	491
20101021	575
20101022	359
20101023	17
20101024	3
20101025	501
20101026	468
20101027	451
20101028	381
20101029	393
20101030	110
20101031	30
20101101	482
20101102	495
20101103	569
20101104	415
20101105	454
20101106	18
20101107	3
20101108	487
20101109	511
20101110	554
20101111	452
20101112	529
20101113	89
20101114	1
20101115	454
20101116	499
20101117	409
20101118	455
20101119	350
20101120	16
20101121	7
20101122	943
20101123	483
20101124	413
20101125	407
20101126	321
20101127	26
20101128	10
20101129	425
20101130	535
20101201	397
20101202	362
20101203	362
20101204	10
20101205	7
20101206	373
20101207	354
20101208	413
20101209	390
20101210	281
20101211	13
20101212	5
20101213	415
20101214	367
20101215	441
20101216	317
20101217	283
20101218	9
20101219	9
20101220	392
20101221	486
20101222	308
20101223	301
20101224	331
20101226	2
20101227	3
20101228	3
20101229	282
20101230	238
20101231	143
20110101	69
20110102	3
20110103	8
20110104	338
20110105	541
20110106	961
20110107	422
20110108	9
20110109	20
20110110	471
20110111	515
20110112	624
20110113	475
20110114	321
20110115	8
20110116	9
20110117	519
20110118	555
20110119	471
20110120	500
20110121	453
20110122	16
20110123	11
20110124	469
20110125	577
20110126	498
20110127	476
20110128	360
20110129	18
20110130	10
20110131	504
20110201	469
20110202	404
20110203	531
20110204	323
20110205	19
20110206	11
20110207	639
20110208	436
20110209	447
20110210	522
20110211	357
20110212	17
20110213	8
20110214	549
20110215	559
20110216	444
20110217	438
20110218	820
20110219	14
20110220	7
20110221	621
20110222	480
20110223	534
20110224	376
20110225	367
20110226	4
20110227	6
20110228	457
20110301	545
20110302	510
20110303	592
20110304	320
20110305	29
20110306	11
20110307	429
20110308	1113
20110309	507
20110310	441
20110311	363
20110312	22
20110313	9
20110314	751
20110315	526
20110316	558
20110317	377
20110318	386
20110319	85
20110320	5
20110321	604
20110322	602
20110323	378
20110324	467
20110325	271
20110326	24
20110327	69
20110328	559
20110329	422
20110330	396
20110331	507
20110401	373
20110402	22
20110403	116
20110404	485
20110405	826
20110406	362
20110407	496
20110408	565
20110409	72
20110410	5
20110411	421
20110412	378
20110413	472
20110414	507
20110415	1163
20110416	23
20110417	3
20110418	365
20110419	591
20110420	1159
20110421	345
20110422	8
20110423	9
20110424	9
20110425	8
20110426	372
20110427	913
20110428	284
20110429	8
20110430	8
20110501	21
20110502	5
20110503	1153
20110504	524
20110505	376
20110506	406
20110507	12
20110508	6
20110509	477
20110510	403
20110511	452
20110512	365
20110513	431
20110514	13
20110515	5
20110516	446
20110517	644
20110518	374
20110519	378
20110520	275
20110521	19
20110522	11
20110523	639
20110524	487
20110525	345
20110526	414
20110527	422
20110528	11
20110529	10
20110530	5
20110531	474
20110601	332
20110602	396
20110603	249
20110604	18
20110605	6
20110606	422
20110607	342
20110608	493
20110609	369
20110610	302
20110611	11
20110612	12
20110613	969
20110614	576
20110615	323
20110616	325
20110617	803
20110618	21
20110619	12
20110620	477
20110621	412
20110622	399
20110623	452
20110624	310
20110625	17
20110626	9
20110627	408
20110628	384
20110629	382
20110630	992
20110701	351
20110702	11
20110703	5
20110704	345
20110705	757
20110706	452
20110707	461
20110708	279
20110709	40
20110710	5
20110711	428
20110712	448
20110713	375
20110714	476
20110715	300
20110716	33
20110717	7
20110718	399
20110719	407
20110720	431
20110721	366
20110722	252
20110723	15
20110724	9
20110725	337
20110726	373
20110727	459
20110728	355
20110729	335
20110730	77
20110731	4
20110801	489
20110802	356
20110803	448
20110804	506
20110805	348
20110806	30
20110807	65
20110808	357
20110809	404
20110810	376
20110811	421
20110812	281
20110813	22
20110814	15
20110815	411
20110816	518
20110817	933
20110818	424
20110819	309
20110820	10
20110821	2
20110822	837
20110823	418
20110824	376
20110825	496
20110826	373
20110827	22
20110828	1
20110829	3
20110830	379
20110831	474
20110901	370
20110902	336
20110903	8
20110904	7
20110905	514
20110906	475
20110907	446
20110908	462
20110909	444
20110910	17
20110911	10
20110912	421
20110913	687
20110914	392
20110915	405
20110916	393
20110917	23
20110918	17
20110919	513
20110920	453
20110921	1175
20110922	511
20110923	398
20110924	8
20110925	7
20110926	1520
20110927	916
20110928	641
20110929	454
20110930	403
20111001	18
20111002	3
20111003	475
20111004	438
20111005	433
20111006	667
20111007	455
20111008	35
20111009	9
20111010	1178
20111011	583
20111012	428
20111013	549
20111014	488
20111015	25
20111016	9
20111017	507
20111018	476
20111019	446
20111020	440
20111021	291
20111022	31
20111023	7
20111024	396
20111025	431
20111026	376
20111027	458
20111028	349
20111029	19
20111030	9
20111031	484
20111101	536
20111102	406
20111103	652
20111104	331
20111105	64
20111106	4
20111107	479
20111108	480
20111109	970
20111110	462
20111111	382
20111112	26
20111113	24
20111114	675
20111115	545
20111116	519
20111117	561
20111118	331
20111119	10
20111120	7
20111121	427
20111122	440
20111123	408
20111124	483
20111125	356
20111126	15
20111127	10
20111128	2218
20111129	1148
20111130	329
20111201	416
20111202	330
20111203	7
20111204	9
20111205	795
20111206	487
20111207	469
20111208	447
20111209	439
20111210	5
20111211	9
20111212	478
20111213	462
20111214	521
20111215	357
20111216	474
20111217	24
20111218	4
20111219	438
20111220	472
20111221	398
20111222	477
20111223	247
20111224	10
20111225	1
20111226	3
20111227	6
20111228	317
20111229	273
20111230	205
20111231	10
20120101	40
20120102	8
20120103	447
20120104	428
20120105	404
20120106	613
20120107	10
20120108	5
20120109	573
20120110	541
20120111	473
20120112	453
20120113	475
20120114	24
20120115	7
20120116	1096
20120117	510
20120118	494
20120119	892
20120120	353
20120121	32
20120122	69
20120123	567
20120124	494
20120125	1095
20120126	925
20120127	333
20120128	19
20120129	19
20120130	749
20120131	536
20120201	564
20120202	632
20120203	320
20120204	24
20120205	3
20120206	577
20120207	482
20120208	535
20120209	1037
20120210	1073
20120211	37
20120212	77
20120213	593
20120214	507
20120215	394
20120216	505
20120217	620
20120218	35
20120219	10
20120220	481
20120221	507
20120222	459
20120223	393
20120224	467
20120225	18
20120226	8
20120227	473
20120228	486
20120229	389
20120301	660
20120302	357
20120303	11
20120304	2
20120305	486
20120306	486
20120307	496
20120308	444
20120309	415
20120310	38
20120311	6
20120312	572
20120313	436
20120314	511
20120315	389
20120316	338
20120317	50
20120318	7
20120319	607
20120320	1085
20120321	944
20120322	504
20120323	290
20120324	14
20120325	21
20120326	425
20120327	425
20120328	947
20120329	386
20120330	331
20120331	10
20120401	20
20120402	440
20120403	547
20120404	327
20120405	578
20120406	12
20120407	16
20120408	4
20120409	5
20120410	302
20120411	466
20120412	598
20120413	393
20120414	22
20120415	17
20120416	591
20120417	452
20120418	351
20120419	436
20120420	584
20120421	20
20120422	12
20120423	537
20120424	1125
20120425	736
20120426	490
20120427	912
20120428	15
20120429	6
20120430	519
20120501	1200
20120502	626
20120503	422
20120504	330
20120505	18
20120506	7
20120507	10
20120508	390
20120509	404
20120510	423
20120511	480
20120512	15
20120513	8
20120514	511
20120515	440
20120516	442
20120517	472
20120518	641
20120519	21
20120520	10
20120521	504
20120522	523
20120523	989
20120524	480
20120525	324
20120526	28
20120527	7
20120528	678
20120529	936
20120530	446
20120531	441
20120601	451
20120602	12
20120603	1
20120604	6
20120605	27
20120606	345
20120607	470
20120608	449
20120609	33
20120610	8
20120611	519
20120612	729
20120613	918
20120614	606
20120615	356
20120616	33
20120617	10
20120618	495
20120619	1010
20120620	724
20120621	1497
20120622	576
20120623	25
20120624	8
20120625	451
20120626	490
20120627	413
20120628	730
20120629	333
20120630	125
20120701	12
20120702	515
20120703	904
20120704	443
20120705	417
20120706	463
20120707	11
20120708	17
20120709	559
20120710	493
20120711	428
20120712	541
20120713	320
20120714	41
20120715	14
20120716	590
20120717	481
20120718	390
20120719	451
20120720	552
20120721	21
20120722	8
20120723	403
20120724	396
20120725	391
20120726	455
20120727	330
20120728	16
20120729	3
20120730	434
20120731	549
20120801	582
20120802	394
20120803	276
20120804	35
20120805	8
20120806	388
20120807	428
20120808	365
20120809	300
20120810	299
20120811	15
20120812	3
20120813	416
20120814	637
20120815	908
20120816	981
20120817	385
20120818	28
20120819	6
20120820	500
20120821	473
20120822	551
20120823	416
20120824	280
20120825	22
20120826	6
20120827	10
20120828	386
20120829	379
20120830	422
20120831	373
20120901	92
20120902	9
20120903	525
20120904	457
20120905	477
20120906	400
20120907	369
20120908	23
20120909	16
20120910	628
20120911	657
20120912	530
20120913	706
20120914	360
20120915	21
20120916	28
20120917	610
20120918	466
20120919	394
20120920	511
20120921	510
20120922	20
20120923	7
20120924	518
20120925	523
20120926	557
20120927	464
20120928	362
20120929	18
20120930	3
20121001	490
20121002	429
20121003	468
20121004	510
20121005	356
20121006	23
20121007	10
20121008	557
20121009	522
20121010	497
20121011	501
20121012	408
20121013	20
20121014	11
20121015	1179
20121016	574
20121017	482
20121018	436
20121019	330
20121020	34
20121021	7
20121022	951
20121023	1209
20121024	580
20121025	462
20121026	364
20121027	31
20121028	4
20121029	498
20121030	492
20121031	429
20121101	437
20121102	352
20121103	82
20121104	10
20121105	460
20121106	405
20121107	545
20121108	533
20121109	423
20121110	26
20121111	8
20121112	886
20121113	481
20121114	447
20121115	515
20121116	488
20121117	27
20121118	11
20121119	596
20121120	434
20121121	468
20121122	660
20121123	342
20121124	27
20121125	2
20121126	554
20121127	483
20121128	542
20121129	453
20121130	370
20121201	22
20121202	16
20121203	465
20121204	672
20121205	672
20121206	895
20121207	377
20121208	82
20121209	7
20121210	405
20121211	565
20121212	675
20121213	418
20121214	285
20121215	91
20121216	17
20121217	505
20121218	419
20121219	451
20121220	387
20121221	255
20121222	17
20121223	5
20121224	225
20121225	3
20121226	9
20121227	197
20121228	171
20121229	76
20121230	3
20121231	425
20130101	32
20130102	490
20130103	492
20130104	393
20130105	30
20130106	15
20130107	509
20130108	528
20130109	512
20130110	573
20130111	380
20130112	30
20130113	19
20130114	502
20130115	872
20130116	515
20130117	522
20130118	443
20130119	80
20130120	18
20130121	812
20130122	811
20130123	609
20130124	586
20130125	777
20130126	11
20130127	5
20130128	544
20130129	494
20130130	447
20130131	615
20130201	477
20130202	44
20130203	17
20130204	509
20130205	594
20130206	433
20130207	996
20130208	642
20130209	26
20130210	9
20130211	681
20130212	615
20130213	537
20130214	821
20130215	466
20130216	24
20130217	14
20130218	511
20130219	759
20130220	432
20130221	428
20130222	358
20130223	18
20130224	27
20130225	419
20130226	459
20130227	390
20130228	412
20130301	408
20130302	24
20130303	15
20130304	564
20130305	445
20130306	583
20130307	495
20130308	355
20130309	28
20130310	56
20130311	881
20130312	560
20130313	594
20130314	976
20130315	652
20130316	29
20130317	6
20130318	476
20130319	499
20130320	505
20130321	582
20130322	326
20130323	35
20130324	29
20130325	429
20130326	490
20130327	361
20130328	402
20130329	64
20130330	12
20130331	13
20130401	26
20130402	475
20130403	554
20130404	485
20130405	733
20130406	29
20130407	19
20130408	637
20130409	505
20130410	381
20130411	481
20130412	713
20130413	22
20130414	10
20130415	1077
20130416	664
20130417	1132
20130418	574
20130419	434
20130420	24
20130421	6
20130422	912
20130423	595
20130424	426
20130425	470
20130426	450
20130427	18
20130428	8
20130429	513
20130430	533
20130501	571
20130502	1652
20130503	556
20130504	29
20130505	6
20130506	14
20130507	449
20130508	460
20130509	1374
20130510	366
20130511	18
20130512	10
20130513	1321
20130514	731
20130515	1818
20130516	398
20130517	481
20130518	30
20130519	11
20130520	548
20130521	592
20130522	800
20130523	1943
20130524	376
20130525	17
20130526	10
20130527	9
20130528	514
20130529	451
20130530	517
20130531	483
20130601	53
20130602	13
20130603	576
20130604	574
20130605	426
20130606	600
20130607	433
20130608	18
20130609	4
20130610	660
20130611	1077
20130612	523
20130613	544
20130614	622
20130615	40
20130616	10
20130617	697
20130618	533
20130619	449
20130620	806
20130621	440
20130622	25
20130623	12
20130624	681
20130625	474
20130626	534
20130627	611
20130628	367
20130629	20
20130630	9
20130701	630
20130702	462
20130703	450
20130704	577
20130705	343
20130706	22
20130707	16
20130708	1352
20130709	571
20130710	521
20130711	735
20130712	339
20130713	26
20130714	11
20130715	640
20130716	608
20130717	530
20130718	452
20130719	410
20130720	36
20130721	13
20130722	540
20130723	892
20130724	586
20130725	571
20130726	560
20130727	51
20130728	10
20130729	696
20130730	508
20130731	686
20130801	540
20130802	451
20130803	26
20130804	7
20130805	492
20130806	476
20130807	925
20130808	543
20130809	406
20130810	17
20130811	485
20130812	557
20130813	576
20130814	581
20130815	1333
20130816	421
20130817	38
20130818	16
20130819	551
20130820	503
20130821	492
20130822	485
20130823	619
20130824	16
20130825	12
20130826	10
20130827	341
20130828	931
20130829	703
20130830	352
20130831	22
20130901	18
20130902	617
20130903	563
20130904	474
20130905	1251
20130906	749
20130907	29
20130908	66
20130909	573
20130910	915
20130911	561
20130912	545
20130913	468
20130914	48
20130915	24
20130916	435
20130917	975
20130918	608
20130919	571
20130920	435
20130921	38
20130922	12
20130923	878
20130924	521
20130925	660
20130926	594
20130927	491
20130928	49
20130929	7
20130930	866
20131001	574
20131002	932
20131003	589
20131004	514
20131005	84
20131006	6
20131007	520
20131008	638
20131009	589
20131010	589
20131011	507
20131012	62
20131013	78
20131014	541
20131015	566
20131016	475
20131017	497
20131018	463
20131019	52
20131020	7
20131021	570
20131022	748
20131023	607
20131024	637
20131025	446
20131026	18
20131027	74
20131028	503
20131029	702
20131030	591
20131031	391
20131101	434
20131102	36
20131103	9
20131104	1146
20131105	635
20131106	672
20131107	459
20131108	507
20131109	43
20131110	6
20131111	494
20131112	693
20131113	829
20131114	977
20131115	511
20131116	24
20131117	14
20131118	637
20131119	506
20131120	657
20131121	546
20131122	418
20131123	36
20131124	11
20131125	760
20131126	641
20131127	487
20131128	743
20131129	339
20131130	22
20131201	124
20131202	704
20131203	886
20131204	837
20131205	832
20131206	420
20131207	34
20131208	10
20131209	554
20131210	824
20131211	433
20131212	766
20131213	643
20131214	226
20131215	6
20131216	612
20131217	551
20131218	477
20131219	612
20131220	473
20131221	28
20131222	4
20131223	470
20131224	184
20131225	5
20131226	69
20131227	202
20131228	3
20131229	3
20131230	391
20131231	219
20140101	278
20140102	461
20140103	292
20140104	24
20140105	67
20140106	672
20140107	573
20140108	870
20140109	567
20140110	405
20140111	19
20140112	4
20140113	528
20140114	689
20140115	627
20140116	524
20140117	383
20140118	37
20140119	6
20140120	478
20140121	599
20140122	849
20140123	488
20140124	470
20140125	34
20140126	14
20140127	568
20140128	1029
20140129	588
20140130	757
20140131	604
20140201	59
20140202	18
20140203	636
20140204	1196
20140205	856
20140206	691
20140207	452
20140208	34
20140209	8
20140210	962
20140211	607
20140212	482
20140213	966
20140214	637
20140215	28
20140216	16
20140217	532
20140218	498
20140219	603
20140220	519
20140221	530
20140222	83
20140223	15
20140224	574
20140225	841
20140226	682
20140227	608
20140228	488
20140301	48
20140302	10
20140303	662
20140304	572
20140305	2602
20140306	789
20140307	985
20140308	22
20140309	23
20140310	1661
20140311	868
20140312	1632
20140313	2352
20140314	383
20140315	51
20140316	138
20140317	1088
20140318	658
20140319	873
20140320	490
20140321	446
20140322	47
20140323	26
20140324	509
20140325	719
20140326	914
20140327	828
20140328	557
20140329	33
20140330	11
20140331	768
20140401	1080
20140402	912
20140403	908
20140404	645
20140405	102
20140406	17
20140407	723
20140408	919
20140409	1136
20140410	931
20140411	432
20140412	38
20140413	7
20140414	1260
20140415	650
20140416	636
20140417	414
20140418	22
20140419	26
20140420	9
20140421	14
20140422	661
20140423	624
20140424	667
20140425	535
20140426	41
20140427	11
20140428	834
20140429	869
20140430	901
20140501	614
20140502	509
20140503	23
20140504	10
20140505	24
20140506	540
20140507	1441
20140508	948
20140509	442
20140510	47
20140511	11
20140512	750
20140513	921
20140514	1353
20140515	920
20140516	502
20140517	52
20140518	13
20140519	1175
20140520	670
20140521	620
20140522	641
20140523	497
20140524	41
20140525	18
20140526	14
20140527	478
20140528	404
20140529	524
20140530	450
20140531	27
20140601	30
20140602	472
20140603	814
20140604	995
20140605	541
20140606	680
20140607	26
20140608	7
20140609	620
20140610	855
20140611	473
20140612	448
20140613	594
20140614	27
20140615	10
20140616	655
20140617	636
20140618	626
20140619	469
20140620	840
20140621	36
20140622	18
20140623	667
20140624	746
20140625	720
20140626	621
20140627	747
20140628	39
20140629	15
20140630	728
20140701	1218
20140702	799
20140703	867
20140704	491
20140705	26
20140706	19
20140707	1519
20140708	798
20140709	943
20140710	926
20140711	777
20140712	36
20140713	24
20140714	696
20140715	951
20140716	521
20140717	513
20140718	391
20140719	29
20140720	11
20140721	860
20140722	900
20140723	436
20140724	1265
20140725	500
20140726	51
20140727	13
20140728	734
20140729	2947
20140730	2471
20140731	527
20140801	3590
20140802	49
20140803	9
20140804	540
20140805	617
20140806	495
20140807	457
20140808	628
20140809	46
20140810	10
20140811	677
20140812	542
20140813	461
20140814	513
20140815	508
20140816	30
20140817	15
20140818	430
20140819	430
20140820	549
20140821	551
20140822	254
20140823	26
20140824	6
20140825	238
20140826	734
20140827	387
20140828	767
20140829	806
20140830	36
20140831	16
20140901	668
20140902	656
20140903	1087
20140904	618
20140905	457
20140906	88
20140907	63
20140908	701
20140909	500
20140910	955
20140911	544
20140912	722
20140913	44
20140914	17
20140915	613
20140916	657
20140917	6374
20140918	636
20140919	753
20140920	48
20140921	12
20140922	615
20140923	610
20140924	587
20140925	591
20140926	412
20140927	43
20140928	78
20140929	904
20140930	498
20141001	1001
20141002	468
20141003	350
20141004	281
20141005	183
20141006	457
20141007	769
20141008	1128
20141009	1347
20141010	439
20141011	35
20141012	21
20141013	806
20141014	1186
20141015	485
20141016	1328
20141017	441
20141018	56
20141019	13
20141020	1001
20141021	681
20141022	472
20141023	730
20141024	379
20141025	55
20141026	6
20141027	719
20141028	788
20141029	519
20141030	1217
20141031	353
20141101	273
20141102	134
20141103	790
20141104	561
20141105	627
20141106	568
20141107	707
20141108	174
20141109	14
20141110	503
20141111	452
20141112	569
20141113	784
20141114	470
20141115	29
20141116	6
20141117	579
20141118	700
20141119	881
20141120	844
20141121	501
20141122	177
20141123	15
20141124	512
20141125	546
20141126	534
20141127	768
20141128	543
20141129	57
20141130	14
20141201	669
20141202	523
20141203	557
20141204	586
20141205	420
20141206	49
20141207	11
20141208	674
20141209	569
20141210	415
20141211	1184
20141212	846
20141213	44
20141214	9
20141215	1013
20141216	943
20141217	1068
20141218	503
20141219	464
20141220	25
20141221	63
20141222	422
20141223	415
20141224	261
20141225	5
20141226	6
20141227	17
20141228	14
20141229	272
20141230	871
20141231	241
20150101	45
20150102	275
20150103	45
20150104	13
20150105	474
20150106	890
20150107	773
20150108	702
20150109	453
20150110	30
20150111	8
20150112	871
20150113	588
20150114	594
20150115	702
20150116	813
20150117	67
20150118	25
20150119	587
20150120	756
20150121	592
20150122	606
20150123	452
20150124	41
20150125	16
20150126	563
20150127	899
20150128	757
20150129	558
20150130	522
20150131	52
20150201	91
20150202	1078
20150203	716
20150204	857
20150205	1328
20150206	584
20150207	39
20150208	12
20150209	964
20150210	745
20150211	1409
20150212	591
20150213	585
20150214	39
20150215	92
20150216	727
20150217	708
20150218	644
20150219	801
20150220	612
20150221	78
20150222	76
20150223	631
20150224	892
20150225	558
20150226	931
20150227	679
20150228	61
20150301	144
20150302	1042
20150303	1197
20150304	1283
20150305	883
20150306	507
20150307	52
20150308	9
20150309	820
20150310	1298
20150311	1047
20150312	840
20150313	555
20150314	68
20150315	90
20150316	1118
20150317	1081
20150318	1000
20150319	930
20150320	1081
20150321	262
20150322	767
20150323	1983
20150324	1718
20150325	675
20150326	1044
20150327	931
20150328	42
20150329	30
20150330	1168
20150331	951
20150401	1829
20150402	860
20150403	30
20150404	94
20150405	66
20150406	21
20150407	984
20150408	1358
20150409	971
20150410	1085
20150411	46
20150412	54
20150413	917
20150414	1732
20150415	853
20150416	1427
20150417	642
20150418	45
20150419	90
20150420	933
20150421	1271
20150422	884
20150423	614
20150424	575
20150425	253
20150426	21
20150427	1306
20150428	808
20150429	538
20150430	575
20150501	1049
20150502	133
20150503	10
20150504	9
20150505	930
20150506	1632
20150507	813
20150508	581
20150509	94
20150510	4
20150511	1340
20150512	592
20150513	1016
20150514	845
20150515	537
20150516	40
20150517	502
20150518	1273
20150519	1084
20150520	1230
20150521	2042
20150522	658
20150523	49
20150524	14
20150525	16
20150526	800
20150527	578
20150528	681
20150529	604
20150530	38
20150531	16
20150601	639
20150602	735
20150603	943
20150604	1136
20150605	528
20150606	72
20150607	16
20150608	599
20150609	684
20150610	576
20150611	952
20150612	634
20150613	228
20150614	19
20150615	916
20150616	817
20150617	845
20150618	944
20150619	372
20150620	62
20150621	10
20150622	931
20150623	929
20150624	1336
20150625	649
20150626	493
20150627	59
20150628	18
20150629	727
20150630	1157
20150701	620
20150702	1402
20150703	431
20150704	29
20150705	17
20150706	783
20150707	995
20150708	816
20150709	577
20150710	806
20150711	148
20150712	4
20150713	901
20150714	727
20150715	1064
20150716	1081
20150717	522
20150718	34
20150719	13
20150720	1021
20150721	1135
20150722	831
20150723	956
20150724	762
20150725	42
20150726	9
20150727	792
20150728	956
20150729	813
20150730	972
20150731	436
20150801	124
20150802	21
20150803	722
20150804	854
20150805	888
20150806	654
20150807	414
20150808	144
20150809	13
20150810	557
20150811	1024
20150812	634
20150813	1112
20150814	512
20150815	26
20150816	14
20150817	692
20150818	1059
20150819	764
20150820	1378
20150821	441
20150822	32
20150823	16
20150824	788
20150825	1186
20150826	651
20150827	543
20150828	437
20150829	35
20150830	13
20150831	16
20150901	1090
20150902	672
20150903	590
20150904	431
20150905	39
20150906	11
20150907	1397
20150908	2225
20150909	780
20150910	5527
20150911	975
20150912	68
20150913	17
20150914	950
20150915	883
20150916	917
20150917	722
20150918	662
20150919	50
20150920	33
20150921	563
20150922	789
20150923	723
20150924	716
20150925	498
20150926	51
20150927	18
20150928	1096
20150929	656
20150930	766
20151001	1108
20151002	616
20151003	39
20151004	11
20151005	651
20151006	1087
20151007	566
20151008	852
20151009	434
20151010	71
20151011	21
20151012	625
20151013	722
20151014	862
20151015	643
20151016	534
20151017	68
20151018	21
20151019	717
20151020	579
20151021	530
20151022	946
20151023	710
20151024	227
20151025	929
20151026	580
20151027	613
20151028	915
20151029	747
20151030	761
20151031	37
20151101	33
20151102	1161
20151103	1228
20151104	818
20151105	987
20151106	1252
20151107	58
20151108	10
20151109	745
20151110	606
20151111	933
20151112	1049
20151113	1098
20151114	42
20151115	17
20151116	814
20151117	800
20151118	1104
20151119	636
20151120	457
20151121	50
20151122	63
20151123	919
20151124	704
20151125	978
20151126	739
20151127	466
20151128	38
20151129	16
20151130	938
20151201	745
20151202	930
20151203	706
20151204	966
20151205	37
20151206	8
20151207	891
20151208	650
20151209	673
20151210	1026
20151211	500
20151212	36
20151213	17
20151214	753
20151215	1108
20151216	760
20151217	546
20151218	375
20151219	37
20151220	308
20151221	724
20151222	579
20151223	550
20151224	363
20151225	2
20151226	6
20151227	148
20151228	18
20151229	357
20151230	638
20151231	290
20160101	40
20160102	11
20160103	20
20160104	525
20160105	654
20160106	565
20160107	659
20160108	1030
20160109	107
20160110	70
20160111	1328
20160112	586
20160113	578
20160114	625
20160115	704
20160116	41
20160117	21
20160118	574
20160119	1120
20160120	539
20160121	889
20160122	582
20160123	45
20160124	20
20160125	1335
20160126	1027
20160127	718
20160128	515
20160129	516
20160130	45
20160131	17
20160201	1262
20160202	781
20160203	558
20160204	687
20160205	1339
20160206	44
20160207	276
20160208	907
20160209	1147
20160210	579
20160211	876
20160212	462
20160213	42
20160214	21
20160215	1342
20160216	1044
20160217	816
20160218	965
20160219	531
20160220	223
20160221	75
20160222	824
20160223	684
20160224	650
20160225	878
20160226	587
20160227	50
20160228	19
20160229	817
20160301	853
20160302	701
20160303	1139
20160304	658
20160305	84
20160306	13
20160307	746
20160308	890
20160309	1117
20160310	901
20160311	546
20160312	34
20160313	73
20160314	1046
20160315	875
20160316	879
20160317	667
20160318	497
20160319	79
20160320	22
20160321	740
20160322	669
20160323	700
20160324	933
20160325	26
20160326	90
20160327	11
20160328	24
20160329	875
20160330	536
20160331	801
20160401	1215
20160402	106
20160403	136
20160404	1311
20160405	978
20160406	802
20160407	763
20160408	810
20160409	117
20160410	56
20160411	1181
20160412	1358
20160413	952
20160414	758
20160415	626
20160416	32
20160417	44
20160418	745
20160419	1195
20160420	1050
20160421	943
20160422	750
20160423	36
20160424	27
20160425	1175
20160426	807
20160427	722
20160428	715
20160429	497
20160430	39
20160501	33
20160502	16
20160503	598
20160504	1379
20160505	651
20160506	675
20160507	30
20160508	1269
20160509	1064
20160510	642
20160511	672
20160512	823
20160513	564
20160514	93
20160515	17
20160516	712
20160517	779
20160518	1518
20160519	1774
20160520	825
20160521	37
20160522	125
20160523	997
20160524	2047
20160525	705
20160526	1047
20160527	607
20160528	44
20160529	7
20160530	75
20160531	893
20160601	660
20160602	969
20160603	519
20160604	34
20160605	9
20160606	888
20160607	809
20160608	817
20160609	1353
20160610	430
20160611	38
20160612	21
20160613	913
20160614	919
20160615	830
20160616	1261
20160617	634
20160618	63
20160619	19
20160620	966
20160621	850
20160622	1079
20160623	817
20160624	636
20160625	41
20160626	49
20160627	1010
20160628	982
20160629	614
20160630	1038
20160701	961
20160702	35
20160703	18
20160704	668
20160705	764
20160706	591
20160707	775
20160708	608
20160709	38
20160710	21
20160711	2601
20160712	904
20160713	769
20160714	716
20160715	757
20160716	46
20160717	15
20160718	1209
20160719	1112
20160720	2378
20160721	788
20160722	611
20160723	39
20160724	27
20160725	802
20160726	787
20160727	699
20160728	959
20160729	1268
20160730	67
20160731	17
20160801	1561
20160802	1000
20160803	1061
20160804	960
20160805	980
20160806	148
20160807	27
20160808	1956
20160809	1006
20160810	1271
20160811	824
20160812	943
20160813	84
20160814	18
20160815	969
20160816	710
20160817	736
20160818	970
20160819	505
20160820	63
20160821	16
20160822	1117
20160823	1777
20160824	703
20160825	816
20160826	472
20160827	82
20160828	24
20160829	17
20160830	1081
20160831	953
20160901	1504
20160902	921
20160903	144
20160904	7
20160905	1033
20160906	920
20160907	907
20160908	1056
20160909	732
20160910	48
20160911	17
20160912	918
20160913	955
20160914	780
20160915	958
20160916	743
20160917	39
20160918	18
20160919	773
20160920	879
20160921	924
20160922	900
20160923	803
20160924	125
20160925	17
20160926	1050
20160927	871
20160928	1027
20160929	962
20160930	689
20161001	377
20161002	21
20161003	946
20161004	1035
20161005	1192
20161006	1246
20161007	672
20161008	80
20161009	55
20161010	1378
20161011	822
20161012	1247
20161013	803
20161014	775
20161015	98
20161016	34
20161017	1537
20161018	1280
20161019	797
20161020	1110
20161021	1151
20161022	144
20161023	231
20161024	1505
20161025	1114
20161026	937
20161027	1041
20161028	676
20161029	169
20161030	268
20161031	1268
20161101	1259
20161102	1474
20161103	1158
20161104	786
20161105	57
20161106	23
20161107	1192
20161108	1003
20161109	843
20161110	1679
20161111	784
20161112	55
20161113	16
20161114	1262
20161115	1157
20161116	756
20161117	922
20161118	1005
20161119	47
20161120	146
20161121	1069
20161122	1268
20161123	1019
20161124	1625
20161125	844
20161126	54
20161127	40
20161128	1222
20161129	1586
20161130	1187
20161201	1059
20161202	1259
20161203	44
20161204	20
20161205	2233
20161206	2016
20161207	945
20161208	1339
20161209	676
20161210	57
20161211	24
20161212	1021
20161213	1117
20161214	1269
20161215	1210
20161216	783
20161217	71
20161218	28
20161219	1439
20161220	1328
20161221	1016
20161222	1474
20161223	804
20161224	22
20161225	5
20161226	7
20161227	12
20161228	561
20161229	613
20161230	504
20161231	21
20170101	77
20170102	11
20170103	1102
20170104	1202
20170105	1274
20170106	961
20170107	66
20170108	31
20170109	1705
20170110	1420
20170111	1259
20170112	1121
20170113	1006
20170114	54
20170115	272
20170116	1711
20170117	1448
20170118	1442
20170119	1896
20170120	1301
20170121	100
20170122	13
20170123	1551
20170124	1142
20170125	1621
20170126	1543
20170127	1251
20170128	64
20170129	15
20170130	1278
20170131	1196
20170201	1494
20170202	1729
20170203	1774
20170204	47
20170205	42
20170206	1215
20170207	905
20170208	1288
20170209	1626
20170210	900
20170211	120
20170212	88
20170213	1786
20170214	1356
20170215	1521
20170216	1161
20170217	926
20170218	40
20170219	16
20170220	1973
20170221	2078
20170222	2495
20170223	1263
20170224	779
20170225	354
20170226	149
20170227	1223
20170228	1269
20170301	1115
20170302	1349
20170303	846
20170304	88
20170305	20
20170306	1166
20170307	1677
20170308	1603
20170309	1727
20170310	950
20170311	771
20170312	82
20170313	1486
20170314	1505
20170315	1669
20170316	1910
20170317	916
20170318	75
20170319	47
20170320	1750
20170321	3474
20170322	1604
20170323	1852
20170324	755
20170325	121
20170326	15
20170327	1293
20170328	1750
20170329	1154
20170330	1582
20170331	958
20170401	96
20170402	23
20170403	2086
20170404	1359
20170405	1766
20170406	905
20170407	632
20170408	102
20170409	14
20170410	1659
20170411	2187
20170412	1225
20170413	1361
20170414	77
20170415	22
20170416	68
20170417	18
20170418	933
20170419	1290
20170420	971
20170421	685
20170422	111
20170423	19
20170424	1630
20170425	2573
20170426	1144
20170427	1232
20170428	1314
20170429	54
20170430	23
20170501	61
20170502	1276
20170503	1011
20170504	1549
20170505	1278
20170506	59
20170507	34
20170508	1362
20170509	1379
20170510	2247
20170511	1457
20170512	1063
20170513	260
20170514	19
20170515	1845
20170516	1932
20170517	1900
20170518	1261
20170519	786
20170520	62
20170521	21
20170522	1449
20170523	964
20170524	1103
20170525	1130
20170526	1455
20170527	36
20170528	27
20170529	18
20170530	769
20170531	1150
20170601	7720
20170602	962
20170603	42
20170604	24
20170605	1627
20170606	1652
20170607	1511
20170608	1180
20170609	1381
20170610	63
20170611	26
20170612	1841
20170613	2332
20170614	1163
20170615	3431
20170616	1287
20170617	118
20170618	20
20170619	1407
20170620	2308
20170621	3073
20170622	2759
20170623	1583
20170624	44
20170625	246
20170626	2129
20170627	2702
20170628	2110
20170629	2689
20170630	1991
20170701	68
20170702	324
20170703	2814
20170704	2234
20170705	1967
20170706	3280
20170707	1342
20170708	48
20170709	239
20170710	1327
20170711	1865
20170712	2034
20170713	3031
20170714	932
20170715	169
20170716	283
20170717	2659
20170718	1370
20170719	1996
20170720	2107
20170721	1789
20170722	66
20170723	23
20170724	2146
20170725	2399
20170726	1003
20170727	2735
20170728	990
20170729	38
20170730	246
20170731	2725
20170801	1591
20170802	1424
20170803	1912
20170804	1176
20170805	169
20170806	249
20170807	3472
20170808	7936
20170809	2639
20170810	1592
20170811	2169
20170812	64
20170813	91
20170814	1870
20170815	1505
20170816	2594
20170817	2169
20170818	1213
20170819	97
20170820	26
20170821	1336
20170822	1336
20170823	1054
20170824	1199
20170825	1153
20170826	65
20170827	12
20170828	21
20170829	974
20170830	822
20170831	2533
20170901	1444
20170902	51
20170903	22
20170904	1476
20170905	1168
20170906	2451
20170907	2354
20170908	865
20170909	59
20170910	89
20170911	1769
20170912	1546
20170913	1906
20170914	1559
20170915	711
20170916	167
20170917	601
20170918	3014
20170919	1994
20170920	1369
20170921	2276
20170922	1212
20170923	92
20170924	45
20170925	2051
20170926	2039
20170927	2143
20170928	2147
20170929	995
20170930	174
20171001	191
20171002	1843
20171003	1247
20171004	1834
20171005	2897
20171006	1210
20171007	104
20171008	38
20171009	2498
20171010	2749
20171011	2807
20171012	1096
20171013	940
20171014	113
20171015	25
20171016	1643
20171017	2121
20171018	991
20171019	2064
20171020	1273
20171021	71
20171022	19
20171023	1554
20171024	1168
20171025	2648
20171026	1116
20171027	840
20171028	102
20171029	30
20171030	1883
20171031	4183
20171101	2474
20171102	1464
20171103	2095
20171104	60
20171105	208
20171106	2020
20171107	2404
20171108	2860
20171109	2041
20171110	776
20171111	90
20171112	20
20171113	2347
20171114	1597
20171115	3568
20171116	1746
20171117	3264
20171118	49
20171119	435
20171120	2532
20171121	1802
20171122	2746
20171123	2346
20171124	1116
20171125	78
20171126	135
20171127	2942
20171128	1737
20171129	1919
20171130	1343
20171201	2019
20171202	55
20171203	14
20171204	2336
20171205	2871
20171206	1912
20171207	3010
20171208	1315
20171209	67
20171210	14
20171211	2158
20171212	1367
20171213	1460
20171214	2398
20171215	1308
20171216	44
20171217	26
20171218	1222
20171219	2006
20171220	2027
20171221	3881
20171222	1104
20171223	24
20171224	12
20171225	16
20171226	70
20171227	1275
20171228	2457
20171229	1553
20171230	24
20171231	39
20180101	205
20180102	3476
20180103	2457
20180104	2072
20180105	1944
20180106	34
20180107	30
20180108	4205
20180109	2171
20180110	3801
20180111	2340
20180112	1773
20180113	104
20180114	39
20180115	3164
20180116	2097
20180117	2757
20180118	2035
20180119	1801
20180120	51
20180121	35
20180122	4607
20180123	3445
20180124	3353
20180125	3380
20180126	3167
20180127	189
20180128	96
20180129	3660
20180130	3211
20180131	2232
20180201	3315
20180202	1287
20180203	647
20180204	49
20180205	2684
20180206	2614
20180207	3211
20180208	1871
20180209	1159
20180210	105
20180211	148
20180212	2318
20180213	2181
20180214	1690
20180215	1961
20180216	1211
20180217	57
20180218	85
20180219	3542
20180220	1977
20180221	2083
20180222	2546
20180223	2537
20180224	77
20180225	21
20180226	3220
20180227	2384
20180228	2514
20180301	2705
20180302	2378
20180303	80
20180304	195
20180305	3361
20180306	1956
20180307	3576
20180308	3715
20180309	1717
20180310	164
20180311	22
20180312	2580
20180313	2931
20180314	4367
20180315	4047
20180316	1411
20180317	62
20180318	84
20180319	1984
20180320	3232
20180321	2197
20180322	2276
20180323	1829
20180324	134
20180325	152
20180326	1490
20180327	2404
20180328	3310
20180329	2095
20180330	87
20180331	21
20180401	71
20180402	102
20180403	963
20180404	1559
20180405	1731
20180406	1370
20180407	57
20180408	29
20180409	1116
20180410	1216
20180411	931
20180412	1245
20180413	1222
20180414	68
20180415	43
20180416	2716
20180417	3281
20180418	2342
20180419	2481
20180420	2120
20180421	106
20180422	90
20180423	3178
20180424	2526
20180425	2575
20180426	2989
20180427	2837
20180428	54
20180429	29
20180430	2297
20180501	2944
20180502	3160
20180503	3109
20180504	1242
20180505	99
20180506	52
20180507	25
20180508	2544
20180509	1920
20180510	2936
20180511	3277
20180512	112
20180513	99
20180514	2264
20180515	2480
20180516	2513
20180517	3415
20180518	1725
20180519	156
20180520	17
20180521	4042
20180522	2625
20180523	3531
20180524	2067
20180525	2325
20180526	49
20180527	12
20180528	18
20180529	1368
20180530	1411
20180531	1556
20180601	1673
20180602	108
20180603	34
20180604	2206
20180605	3893
20180606	1442
20180607	3473
20180608	1489
20180609	65
20180610	26
20180611	3067
20180612	2633
20180613	2847
20180614	2493
20180615	2315
20180616	62
20180617	45
20180618	1690
20180619	2217
20180620	1322
20180621	2022
20180622	1547
20180623	49
20180624	56
20180625	2807
20180626	2591
20180627	1356
20180628	2425
20180629	1062
20180630	55
20180701	181
20180702	2408
20180703	1948
20180704	2102
20180705	1200
20180706	895
20180707	77
20180708	23
20180709	1176
20180710	1345
20180711	1458
20180712	1620
20180713	2026
20180714	51
20180715	154
20180716	2452
20180717	3262
20180718	1682
20180719	1521
20180720	2533
20180721	154
20180722	44
20180723	3258
20180724	3137
20180725	2591
20180726	1846
20180727	896
20180728	236
20180729	34
20180730	3038
20180731	2201
20180801	2128
20180802	2013
20180803	1620
20180804	136
20180805	37
20180806	2603
20180807	2878
20180808	2632
20180809	1298
20180810	885
20180811	864
20180812	23
20180813	2777
20180814	2073
20180815	2051
20180816	1671
20180817	1386
20180818	1461
20180819	155
20180820	3823
20180821	1562
20180822	1347
20180823	1546
20180824	860
20180825	1395
20180826	18
20180827	23
20180828	1110
20180829	1088
20180830	1358
20180831	716
20180901	718
20180902	16
20180903	1436
20180904	1790
20180905	2286
20180906	2531
20180907	1024
20180908	50
20180909	837
20180910	1618
20180911	2034
20180912	2601
20180913	1737
20180914	1223
20180915	280
20180916	873
20180917	2394
20180918	1639
20180919	1476
20180920	2609
20180921	1358
20180922	1165
20180923	42
20180924	1518
20180925	1892
20180926	1369
20180927	1516
20180928	831
20180929	69
20180930	34
20181001	1297
20181002	1290
20181003	2973
20181004	2326
20181005	1001
20181006	83
20181007	44
20181008	1620
20181009	2368
20181010	1893
20181011	2402
20181012	1697
20181013	134
20181014	75
20181015	2563
20181016	1853
20181017	1799
20181018	3079
20181019	2234
20181020	54
20181021	850
20181022	1145
20181023	1213
20181024	1680
20181025	1378
20181026	1537
20181027	202
20181028	29
20181029	2907
20181030	3879
20181031	1973
20181101	3195
20181102	905
20181103	76
20181104	624
20181105	2106
20181106	1635
20181107	1391
20181108	3397
20181109	1800
20181110	87
20181111	415
20181112	2484
20181113	1788
20181114	1662
20181115	2289
20181116	1799
20181117	79
20181118	1405
20181119	2854
20181120	2120
20181121	2162
20181122	2305
20181123	1399
20181124	262
20181125	677
20181126	1672
20181127	2279
20181128	2367
20181129	1924
20181130	1211
20181201	70
20181202	30
20181203	2524
20181204	3017
20181205	2311
20181206	2040
20181207	1551
20181208	99
20181209	112
20181210	2955
20181211	2287
20181212	1935
20181213	1757
20181214	1688
20181215	141
20181216	774
20181217	2192
20181218	1759
20181219	2051
20181220	1557
20181221	1651
20181222	44
20181223	160
20181224	1558
20181225	11
20181226	6
20181227	956
20181228	666
20181229	42
20181230	22
20181231	2271
20190101	47
20190102	1881
20190103	2029
20190104	1390
20190105	86
20190106	1065
20190107	1586
20190108	2745
20190109	3253
20190110	1927
20190111	1799
20190112	170
20190113	873
20190114	2374
20190115	3314
20190116	2061
20190117	1328
20190118	1632
20190119	67
20190120	43
20190121	1507
20190122	2231
20190123	3561
20190124	1193
20190125	3010
20190126	67
20190127	99
20190128	2661
20190129	4419
20190130	1814
20190131	2081
20190201	1774
20190202	75
20190203	27
20190204	1932
20190205	2008
20190206	1549
20190207	2165
20190208	1954
20190209	153
20190210	89
20190211	1795
20190212	1759
20190213	2208
20190214	1630
20190215	2956
20190216	54
20190217	27
20190218	2132
20190219	2112
20190220	2559
20190221	1810
20190222	2235
20190223	76
20190224	69
20190225	2261
20190226	2972
20190227	1362
20190228	3273
20190301	2340
20190302	120
20190303	71
20190304	2311
20190305	4086
20190306	2270
20190307	2709
20190308	1512
20190309	66
20190310	39
20190311	2391
20190312	2440
20190313	3099
20190314	2088
20190315	1339
20190316	62
20190317	105
20190318	2081
20190319	3089
20190320	2195
20190321	3006
20190322	2991
20190323	55
20190324	98
20190325	1549
20190326	2478
20190327	2374
20190328	2261
20190329	2014
20190330	148
20190331	27
20190401	2762
20190402	2449
20190403	2168
20190404	1450
20190405	2297
20190406	78
20190407	52
20190408	2706
20190409	2424
20190410	2592
20190411	1399
20190412	1553
20190413	89
20190414	41
20190415	2099
20190416	2625
20190417	2409
20190418	2959
20190419	36
20190420	52
20190421	24
20190422	64
20190423	2991
20190424	12270
20190425	1624
20190426	3200
20190427	63
20190428	53
20190429	1977
20190430	2580
20190501	1525
20190502	1779
20190503	1369
20190504	160
20190505	63
20190506	30
20190507	2130
20190508	3399
20190509	3129
20190510	2213
20190511	67
20190512	78
20190513	2992
20190514	4498
20190515	3895
20190516	3471
20190517	3904
20190518	122
20190519	64
20190520	2929
20190521	4688
20190522	2440
20190523	3861
20190524	2276
20190525	84
20190526	41
20190527	40
20190528	1730
20190529	840
20190530	1013
20190531	1621
20190601	98
20190602	26
20190603	3019
20190604	2643
20190605	1498
20190606	1474
20190607	1236
20190608	54
20190609	20
20190610	1581
20190611	1248
20190612	1359
20190613	1433
20190614	1890
20190615	87
20190616	38
20190617	2693
20190618	2116
20190619	2036
20190620	3991
20190621	2660
20190622	49
20190623	47
20190624	1802
20190625	2198
20190626	1436
20190627	1151
20190628	1015
20190629	150
20190630	143
20190701	2274
20190702	2479
20190703	1806
20190704	1222
20190705	1122
20190706	68
20190707	25
20190708	1443
20190709	1558
20190710	2138
20190711	1596
20190712	3782
20190713	103
20190714	17
20190715	1891
20190716	3290
20190717	2707
20190718	3345
20190719	3614
20190720	83
20190721	95
20190722	1777
20190723	2029
20190724	2389
20190725	1320
20190726	1323
20190727	58
20190728	24
20190729	2804
20190730	1467
20190731	1240
20190801	1852
20190802	2614
20190803	55
20190804	50
20190805	2788
20190806	3602
20190807	2302
20190808	2770
20190809	1775
20190810	53
20190811	25
20190812	3647
20190813	2030
20190814	2019
20190815	1656
20190816	1617
20190817	54
20190818	24
20190819	2311
20190820	2145
20190821	1843
20190822	1396
20190823	2326
20190824	97
20190825	29
20190826	29
20190827	1380
20190828	1442
20190829	1993
20190830	2837
20190831	53
20190901	60
20190902	1674
20190903	3241
20190904	2354
20190905	2258
20190906	2032
20190907	43
20190908	25
20190909	2180
20190910	3276
20190911	1879
20190912	2748
20190913	1949
20190914	115
20190915	45
20190916	3837
20190917	2711
20190918	1420
20190919	3162
20190920	1388
20190921	647
20190922	42
20190923	2583
20190924	1947
20190925	1167
20190926	5910
20190927	2047
20190928	320
20190929	40
20190930	2618
20191001	2650
20191002	2197
20191003	2089
20191004	2502
20191005	101
20191006	161
20191007	2732
20191008	1803
20191009	1491
20191010	2979
20191011	2146
20191012	52
20191013	63
20191014	1274
20191015	2233
20191016	2102
20191017	3225
20191018	2826
20191019	132
20191020	46
20191021	1498
20191022	1156
20191023	1257
20191024	1552
20191025	1106
20191026	125
20191027	350
20191028	1984
20191029	3371
20191030	2467
20191031	3151
20191101	2712
20191102	55
20191103	104
20191104	2490
20191105	2291
20191106	2629
20191107	2173
20191108	3521
20191109	121
20191110	37
20191111	4110
20191112	2825
20191113	2671
20191114	4101
20191115	3654
20191116	90
20191117	44
20191118	949
20191119	1148
20191120	1644
20191121	1085
20191122	898
20191123	106
20191124	35
20191125	1514
20191126	1603
20191127	1574
20191128	1454
20191129	1795
20191130	138
20191201	70
20191202	1593
20191203	1708
20191204	1909
20191205	2501
20191206	1934
20191207	64
20191208	30
20191209	1356
20191210	3380
20191211	2190
20191212	2707
20191213	1352
20191214	75
20191215	44
20191216	2238
20191217	1878
20191218	1671
20191219	2240
20191220	2450
20191221	51
20191222	42
20191223	1086
20191224	597
20191225	8
20191226	9
20191227	667
20191228	337
20191229	1305
20191230	1116
20191231	1499
20200101	116
20200102	852
20200103	2133
20200104	49
20200105	17
20200106	1745
20200107	3037
20200108	2270
20200109	1879
20200110	2359
20200111	148
20200112	42
20200113	1369
20200114	1360
20200115	1075
20200116	1284
20200117	2391
20200118	59
20200119	22
20200120	2039
20200121	3873
20200122	2045
20200123	2823
20200124	1841
20200125	120
20200126	26
20200127	2700
20200128	2919
20200129	2716
20200130	2404
20200131	3006
20200201	52
20200202	46
20200203	2028
20200204	3371
20200205	1991
20200206	2359
20200207	3523
20200208	74
20200209	34
20200210	1496
20200211	3877
20200212	1300
20200213	1901
20200214	1495
20200215	585
20200216	84
20200217	1603
20200218	1328
20200219	1241
20200220	3421
20200221	2056
20200222	66
20200223	32
20200224	2155
20200225	1915
20200226	1955
20200227	3501
20200228	2064
20200229	175
20200301	33
20200302	2732
20200303	2083
20200304	2260
20200305	2771
20200306	2807
20200307	227
20200308	1273
20200309	2780
20200310	3373
20200311	2758
20200312	3292
20200313	9560
20200314	68
20200315	32
20200316	1476
20200317	3047
20200318	1718
20200319	1625
20200320	905
20200321	17
20200322	9
20200323	1270
20200324	1179
20200325	813
20200326	925
20200327	760
20200328	5
20200329	23
20200330	793
20200331	218
20200401	203
20200402	122
20200403	164
20200404	13
20200405	7
20200406	239
20200407	213
20200408	247
20200409	373
20200410	38
20200411	8
20200412	14
20200413	153
20200414	242
20200415	185
20200416	263
20200417	229
20200418	16
20200419	18
20200420	866
20200421	635
20200422	224
20200423	733
20200424	925
20200425	6
20200426	9
20200427	459
20200428	358
20200429	277
20200430	1135
20200501	518
20200502	12
20200503	11
20200504	722
20200505	268
20200506	280
20200507	209
20200508	43
20200509	14
20200510	11
20200511	337
20200512	334
20200513	218
20200514	442
20200515	319
20200516	6
20200517	6
20200518	8822
20200519	350
20200520	246
20200521	292
20200522	297
20200523	8
20200524	2
20200526	247
20200619	1
20200704	1
20200717	1
20460101	1
20690201	1
20840101	1
20970303	1
20970506	1
20990913	1
21110112	1
70180516	1
