20100102	77
20100103	8
20100104	10843
20100105	6013
20100106	6733
20100107	7891
20100108	7330
20100109	145
20100110	43
20100111	12273
20100112	9803
20100113	8318
20100114	7268
20100115	6639
20100116	106
20100117	9
20100118	10528
20100119	8543
20100120	7606
20100121	6582
20100122	6941
20100123	150
20100124	30
20100125	9514
20100126	8229
20100127	7001
20100128	6860
20100129	6682
20100130	214
20100131	14
20100201	10154
20100202	8675
20100203	7316
20100204	7040
20100205	7088
20100206	149
20100207	28
20100208	10060
20100209	8933
20100210	7431
20100211	7347
20100212	6539
20100213	150
20100214	11
20100215	10245
20100216	8379
20100217	7296
20100218	6987
20100219	6473
20100220	133
20100221	27
20100222	9825
20100223	8785
20100224	7407
20100225	7256
20100226	6976
20100227	225
20100228	44
20100301	10596
20100302	8770
20100303	7247
20100304	7579
20100305	7151
20100306	138
20100307	34
20100308	10205
20100309	9468
20100310	7797
20100311	6701
20100312	7180
20100313	117
20100314	22
20100315	10467
20100316	8795
20100317	7570
20100318	7426
20100319	6936
20100320	111
20100321	32
20100322	10448
20100323	8745
20100324	7903
20100325	7524
20100326	7305
20100327	166
20100328	37
20100329	11422
20100330	9612
20100331	7771
20100401	7558
20100402	857
20100403	56
20100404	38
20100405	920
20100406	12507
20100407	10274
20100408	8344
20100409	7181
20100410	195
20100411	44
20100412	10268
20100413	9734
20100414	8016
20100415	7180
20100416	7238
20100417	131
20100418	30
20100419	10218
20100420	9029
20100421	7846
20100422	7569
20100423	7268
20100424	109
20100425	40
20100426	10967
20100427	9427
20100428	8307
20100429	7656
20100430	7426
20100501	101
20100502	51
20100503	883
20100504	13210
20100505	9168
20100506	8132
20100507	7253
20100508	98
20100509	30
20100510	10712
20100511	10149
20100512	7945
20100513	7433
20100514	6874
20100515	133
20100516	31
20100517	11270
20100518	9179
20100519	7702
20100520	7479
20100521	7286
20100522	87
20100523	69
20100524	10410
20100525	9808
20100526	7868
20100527	7865
20100528	7429
20100529	84
20100530	48
20100531	1017
20100601	11473
20100602	9414
20100603	8363
20100604	7321
20100605	148
20100606	42
20100607	10640
20100608	8966
20100609	7704
20100610	7509
20100611	7042
20100612	157
20100613	34
20100614	10441
20100615	9410
20100616	7833
20100617	7415
20100618	6713
20100619	140
20100620	19
20100621	10481
20100622	8844
20100623	7752
20100624	7597
20100625	7081
20100626	154
20100627	44
20100628	10526
20100629	9432
20100630	8441
20100701	7691
20100702	7160
20100703	107
20100704	60
20100705	10542
20100706	9283
20100707	7272
20100708	7237
20100709	7003
20100710	148
20100711	45
20100712	10660
20100713	8727
20100714	7823
20100715	7087
20100716	7505
20100717	124
20100718	80
20100719	10464
20100720	8742
20100721	7384
20100722	7500
20100723	6969
20100724	154
20100725	59
20100726	10541
20100727	8899
20100728	8278
20100729	7310
20100730	6918
20100731	126
20100801	40
20100802	10234
20100803	8705
20100804	8014
20100805	7443
20100806	6791
20100807	283
20100808	77
20100809	10153
20100810	8352
20100811	8213
20100812	7108
20100813	7212
20100814	158
20100815	35
20100816	9926
20100817	8987
20100818	8155
20100819	7177
20100820	7025
20100821	109
20100822	54
20100823	10632
20100824	9182
20100825	8624
20100826	7922
20100827	7685
20100828	61
20100829	24
20100830	1077
20100831	12006
20100901	9124
20100902	8020
20100903	7541
20100904	238
20100905	35
20100906	10507
20100907	9390
20100908	7778
20100909	7292
20100910	6789
20100911	66
20100912	42
20100913	10285
20100914	9281
20100915	7495
20100916	7400
20100917	7424
20100918	167
20100919	94
20100920	10826
20100921	9184
20100922	7564
20100923	7818
20100924	7109
20100925	116
20100926	114
20100927	10316
20100928	9599
20100929	8054
20100930	7330
20101001	6965
20101002	181
20101003	71
20101004	10755
20101005	9377
20101006	7927
20101007	8180
20101008	6991
20101009	66
20101010	193
20101011	10731
20101012	8659
20101013	8104
20101014	8270
20101015	7463
20101016	88
20101017	119
20101018	9965
20101019	9472
20101020	7945
20101021	8356
20101022	7708
20101023	165
20101024	293
20101025	10587
20101026	9068
20101027	8113
20101028	7815
20101029	7155
20101030	221
20101031	120
20101101	10412
20101102	9022
20101103	8091
20101104	7753
20101105	7244
20101106	86
20101107	259
20101108	10529
20101109	9630
20101110	7912
20101111	7467
20101112	7535
20101113	163
20101114	261
20101115	10900
20101116	9545
20101117	7871
20101118	7565
20101119	7408
20101120	117
20101121	327
20101122	10970
20101123	9527
20101124	8656
20101125	7513
20101126	7603
20101127	123
20101128	182
20101129	11753
20101130	8742
20101201	8258
20101202	7522
20101203	7849
20101204	140
20101205	305
20101206	11859
20101207	11042
20101208	8938
20101209	9263
20101210	7542
20101211	91
20101212	191
20101213	13128
20101214	11797
20101215	9859
20101216	10184
20101217	9897
20101218	79
20101219	76
20101220	14526
20101221	10989
20101222	8480
20101223	6803
20101224	4387
20101225	3
20101226	43
20101227	1015
20101228	1096
20101229	9534
20101230	8078
20101231	5901
20110101	41
20110102	83
20110103	903
20110104	11866
20110105	10116
20110106	10187
20110107	8538
20110108	186
20110109	66
20110110	11436
20110111	10843
20110112	9134
20110113	8022
20110114	8150
20110115	375
20110116	170
20110117	10774
20110118	9538
20110119	8792
20110120	7770
20110121	6870
20110122	254
20110123	53
20110124	10592
20110125	8926
20110126	8929
20110127	7510
20110128	7329
20110129	115
20110130	195
20110131	10702
20110201	9435
20110202	8624
20110203	8193
20110204	7748
20110205	158
20110206	66
20110207	10964
20110208	9891
20110209	9104
20110210	7560
20110211	7582
20110212	157
20110213	45
20110214	10694
20110215	9344
20110216	8345
20110217	7661
20110218	7356
20110219	199
20110220	40
20110221	11158
20110222	8995
20110223	8531
20110224	7769
20110225	7527
20110226	70
20110227	32
20110228	11027
20110301	9566
20110302	8538
20110303	8209
20110304	7248
20110305	170
20110306	42
20110307	11847
20110308	10085
20110309	8989
20110310	7945
20110311	7972
20110312	90
20110313	22
20110314	11380
20110315	10249
20110316	8684
20110317	7161
20110318	7577
20110319	58
20110320	32
20110321	11315
20110322	9412
20110323	8646
20110324	7892
20110325	7347
20110326	88
20110327	12
20110328	11108
20110329	10142
20110330	8685
20110331	7906
20110401	7614
20110402	287
20110403	25
20110404	11116
20110405	9689
20110406	8784
20110407	8374
20110408	7978
20110409	109
20110410	24
20110411	11219
20110412	9679
20110413	8853
20110414	8087
20110415	8573
20110416	280
20110417	48
20110418	11676
20110419	11549
20110420	9270
20110421	8747
20110422	944
20110423	89
20110424	29
20110425	1094
20110426	15560
20110427	12156
20110428	10625
20110429	728
20110430	44
20110501	66
20110502	807
20110503	15782
20110504	11818
20110505	10415
20110506	8440
20110507	228
20110508	77
20110509	12287
20110510	10607
20110511	9637
20110512	7826
20110513	7581
20110514	41
20110515	44
20110516	10550
20110517	9791
20110518	9115
20110519	7986
20110520	7448
20110521	53
20110522	48
20110523	11736
20110524	10126
20110525	9376
20110526	8129
20110527	8029
20110528	314
20110529	38
20110530	1108
20110531	12643
20110601	10080
20110602	9924
20110603	8320
20110604	299
20110605	38
20110606	11959
20110607	10562
20110608	8586
20110609	8056
20110610	7426
20110611	208
20110612	45
20110613	11506
20110614	10879
20110615	8783
20110616	7846
20110617	7543
20110618	142
20110619	34
20110620	11242
20110621	9717
20110622	8047
20110623	8294
20110624	7518
20110625	146
20110626	71
20110627	11738
20110628	9849
20110629	9003
20110630	7825
20110701	7947
20110702	113
20110703	43
20110704	11760
20110705	11072
20110706	8480
20110707	8179
20110708	7392
20110709	133
20110710	46
20110711	12377
20110712	9843
20110713	8002
20110714	7946
20110715	7664
20110716	87
20110717	45
20110718	11647
20110719	9507
20110720	8721
20110721	8173
20110722	7731
20110723	153
20110724	65
20110725	11944
20110726	9445
20110727	8752
20110728	8084
20110729	7634
20110730	140
20110731	32
20110801	12157
20110802	10167
20110803	8758
20110804	7683
20110805	7047
20110806	77
20110807	34
20110808	12028
20110809	9179
20110810	8447
20110811	7934
20110812	7058
20110813	174
20110814	53
20110815	11618
20110816	9839
20110817	8819
20110818	7812
20110819	7384
20110820	191
20110821	54
20110822	12117
20110823	10036
20110824	9190
20110825	8271
20110826	8637
20110827	299
20110828	23
20110829	1255
20110830	13544
20110831	9896
20110901	9177
20110902	7915
20110903	281
20110904	35
20110905	11278
20110906	10855
20110907	9158
20110908	8038
20110909	7568
20110910	199
20110911	57
20110912	11399
20110913	10196
20110914	8575
20110915	8039
20110916	7536
20110917	122
20110918	36
20110919	11631
20110920	9960
20110921	9228
20110922	8447
20110923	7727
20110924	140
20110925	34
20110926	11582
20110927	10548
20110928	9046
20110929	7438
20110930	7946
20111001	99
20111002	38
20111003	12266
20111004	10799
20111005	9287
20111006	8395
20111007	7795
20111008	97
20111009	24
20111010	11672
20111011	9986
20111012	8885
20111013	9154
20111014	7822
20111015	179
20111016	74
20111017	13146
20111018	9927
20111019	8071
20111020	8351
20111021	8311
20111022	209
20111023	18
20111024	12453
20111025	9801
20111026	8824
20111027	8157
20111028	8044
20111029	175
20111030	27
20111031	12510
20111101	9680
20111102	9280
20111103	8483
20111104	8231
20111105	272
20111106	21
20111107	11902
20111108	10159
20111109	8836
20111110	8433
20111111	8462
20111112	148
20111113	20
20111114	12280
20111115	10144
20111116	9135
20111117	8589
20111118	8096
20111119	227
20111120	44
20111121	12468
20111122	10879
20111123	9173
20111124	8165
20111125	8259
20111126	298
20111127	35
20111128	11955
20111129	10773
20111130	9092
20111201	8529
20111202	8432
20111203	188
20111204	15
20111205	12814
20111206	11228
20111207	9255
20111208	8970
20111209	9090
20111210	359
20111211	77
20111212	14220
20111213	12707
20111214	10864
20111215	10660
20111216	10513
20111217	393
20111218	26
20111219	15735
20111220	12983
20111221	10105
20111222	8079
20111223	7025
20111224	116
20111225	17
20111226	1454
20111227	1213
20111228	10011
20111229	7833
20111230	7599
20111231	118
20120101	26
20120102	1297
20120103	12489
20120104	10993
20120105	9532
20120106	9687
20120107	332
20120108	248
20120109	12845
20120110	11612
20120111	9323
20120112	9277
20120113	8998
20120114	219
20120115	215
20120116	12433
20120117	10757
20120118	9222
20120119	9132
20120120	8027
20120121	130
20120122	31
20120123	11919
20120124	10495
20120125	9513
20120126	8614
20120127	7608
20120128	187
20120129	48
20120130	12035
20120131	10945
20120201	8959
20120202	9294
20120203	8795
20120204	109
20120205	20
20120206	12308
20120207	11391
20120208	9609
20120209	9378
20120210	8461
20120211	171
20120212	36
20120213	12326
20120214	10283
20120215	9428
20120216	8745
20120217	8384
20120218	250
20120219	36
20120220	12202
20120221	10575
20120222	9634
20120223	8581
20120224	7994
20120225	127
20120226	31
20120227	12493
20120228	10784
20120229	9421
20120301	9046
20120302	8903
20120303	305
20120304	56
20120305	13069
20120306	11571
20120307	9155
20120308	9248
20120309	8398
20120310	135
20120311	29
20120312	12282
20120313	11331
20120314	10020
20120315	8261
20120316	8355
20120317	160
20120318	38
20120319	12635
20120320	10487
20120321	9658
20120322	9413
20120323	7953
20120324	214
20120325	18
20120326	12776
20120327	11389
20120328	10195
20120329	9307
20120330	9196
20120331	257
20120401	22
20120402	14019
20120403	12597
20120404	10108
20120405	10436
20120406	983
20120407	67
20120408	19
20120409	1382
20120410	13918
20120411	12491
20120412	10631
20120413	8787
20120414	335
20120415	23
20120416	13292
20120417	11644
20120418	10202
20120419	9643
20120420	8321
20120421	111
20120422	28
20120423	12713
20120424	11198
20120425	9631
20120426	9591
20120427	8988
20120428	242
20120429	42
20120430	12849
20120501	11699
20120502	10175
20120503	9754
20120504	9565
20120505	118
20120506	22
20120507	1456
20120508	15231
20120509	11847
20120510	9529
20120511	9139
20120512	430
20120513	46
20120514	12799
20120515	11428
20120516	10817
20120517	9883
20120518	8820
20120519	233
20120520	40
20120521	13080
20120522	11863
20120523	10702
20120524	9012
20120525	8991
20120526	315
20120527	21
20120528	12866
20120529	12265
20120530	11001
20120531	9887
20120601	9636
20120602	77
20120603	37
20120604	1593
20120605	1329
20120606	14554
20120607	12993
20120608	10317
20120609	218
20120610	9
20120611	13532
20120612	11760
20120613	10300
20120614	9319
20120615	9525
20120616	174
20120617	56
20120618	13494
20120619	10905
20120620	10334
20120621	9057
20120622	8690
20120623	91
20120624	10
20120625	13124
20120626	11071
20120627	10136
20120628	9596
20120629	8284
20120630	170
20120701	43
20120702	12793
20120703	11238
20120704	10359
20120705	8980
20120706	8917
20120707	74
20120708	15
20120709	13102
20120710	11943
20120711	9734
20120712	9282
20120713	8087
20120714	180
20120715	19
20120716	12741
20120717	11824
20120718	9096
20120719	10071
20120720	9162
20120721	148
20120722	55
20120723	13163
20120724	12265
20120725	9532
20120726	8630
20120727	8888
20120728	252
20120729	32
20120730	12820
20120731	11863
20120801	9865
20120802	9254
20120803	8884
20120804	199
20120805	48
20120806	12283
20120807	10923
20120808	9942
20120809	8918
20120810	8664
20120811	235
20120812	59
20120813	13393
20120814	11450
20120815	9457
20120816	9070
20120817	8669
20120818	244
20120819	33
20120820	14708
20120821	11405
20120822	10369
20120823	9346
20120824	10416
20120825	107
20120826	30
20120827	1662
20120828	14105
20120829	11649
20120830	10316
20120831	8905
20120901	303
20120902	65
20120903	13001
20120904	11286
20120905	9851
20120906	9502
20120907	8916
20120908	246
20120909	63
20120910	12194
20120911	11435
20120912	9892
20120913	9910
20120914	8902
20120915	158
20120916	67
20120917	12964
20120918	11557
20120919	9458
20120920	9143
20120921	8976
20120922	266
20120923	45
20120924	12853
20120925	11784
20120926	10041
20120927	9367
20120928	9198
20120929	159
20120930	27
20121001	12640
20121002	12160
20121003	10949
20121004	9529
20121005	9055
20121006	228
20121007	31
20121008	12122
20121009	12534
20121010	10556
20121011	9661
20121012	9159
20121013	238
20121014	30
20121015	12922
20121016	11869
20121017	11310
20121018	9378
20121019	9270
20121020	170
20121021	34
20121022	12955
20121023	11845
20121024	10119
20121025	9877
20121026	9442
20121027	166
20121028	56
20121029	13464
20121030	10793
20121031	9913
20121101	8996
20121102	8958
20121103	90
20121104	43
20121105	13930
20121106	12002
20121107	9841
20121108	10313
20121109	9311
20121110	203
20121111	45
20121112	13800
20121113	12191
20121114	10262
20121115	9577
20121116	9093
20121117	247
20121118	46
20121119	12873
20121120	12306
20121121	9758
20121122	9595
20121123	9289
20121124	228
20121125	73
20121126	13935
20121127	12208
20121128	10577
20121129	10304
20121130	8669
20121201	133
20121202	51
20121203	14478
20121204	12040
20121205	11559
20121206	11043
20121207	9757
20121208	103
20121209	52
20121210	15602
20121211	13548
20121212	11498
20121213	11532
20121214	10730
20121215	123
20121216	102
20121217	16549
20121218	16771
20121219	13349
20121220	11565
20121221	10196
20121222	191
20121223	106
20121224	9522
20121225	1623
20121226	1398
20121227	9649
20121228	9278
20121229	91
20121230	65
20121231	10960
20130101	1301
20130102	10496
20130103	12512
20130104	10989
20130105	229
20130106	72
20130107	15822
20130108	12789
20130109	10502
20130110	10349
20130111	10201
20130112	63
20130113	56
20130114	14449
20130115	11881
20130116	10164
20130117	10665
20130118	9532
20130119	91
20130120	68
20130121	13225
20130122	11063
20130123	9862
20130124	10189
20130125	9196
20130126	85
20130127	61
20130128	13844
20130129	11501
20130130	10780
20130131	11003
20130201	9337
20130202	74
20130203	66
20130204	14175
20130205	11891
20130206	10657
20130207	10774
20130208	9983
20130209	315
20130210	62
20130211	13022
20130212	12535
20130213	10644
20130214	9757
20130215	9333
20130216	284
20130217	71
20130218	13055
20130219	12548
20130220	9843
20130221	10133
20130222	9063
20130223	87
20130224	62
20130225	13597
20130226	12041
20130227	10341
20130228	10906
20130301	10040
20130302	123
20130303	71
20130304	15226
20130305	11938
20130306	10255
20130307	10840
20130308	9620
20130309	172
20130310	62
20130311	14225
20130312	12578
20130313	10570
20130314	10261
20130315	9440
20130316	392
20130317	49
20130318	14620
20130319	12211
20130320	10500
20130321	10594
20130322	9853
20130323	231
20130324	61
20130325	15706
20130326	13402
20130327	10846
20130328	11034
20130329	1543
20130330	153
20130331	54
20130401	1849
20130402	15637
20130403	13913
20130404	12194
20130405	10013
20130406	252
20130407	69
20130408	14474
20130409	13212
20130410	11001
20130411	10540
20130412	10009
20130413	182
20130414	86
20130415	13592
20130416	11861
20130417	10342
20130418	10423
20130419	9283
20130420	172
20130421	50
20130422	14242
20130423	12508
20130424	11248
20130425	10822
20130426	9273
20130427	318
20130428	72
20130429	15408
20130430	12678
20130501	11148
20130502	11085
20130503	10878
20130504	113
20130505	58
20130506	1755
20130507	15422
20130508	13034
20130509	12374
20130510	10226
20130511	225
20130512	89
20130513	14599
20130514	12123
20130515	11337
20130516	10109
20130517	10198
20130518	242
20130519	89
20130520	14512
20130521	11993
20130522	10509
20130523	12443
20130524	11351
20130525	119
20130526	86
20130527	1606
20130528	14896
20130529	13978
20130530	10878
20130531	9851
20130601	121
20130602	77
20130603	13873
20130604	12888
20130605	10703
20130606	10169
20130607	9888
20130608	173
20130609	86
20130610	14616
20130611	12219
20130612	11024
20130613	9689
20130614	9961
20130615	108
20130616	106
20130617	14810
20130618	12052
20130619	11126
20130620	11229
20130621	9827
20130622	328
20130623	99
20130624	15020
20130625	12147
20130626	10696
20130627	10539
20130628	9803
20130629	265
20130630	110
20130701	14166
20130702	12816
20130703	11480
20130704	10735
20130705	9460
20130706	88
20130707	103
20130708	14473
20130709	12349
20130710	10956
20130711	10623
20130712	9632
20130713	135
20130714	78
20130715	14475
20130716	12596
20130717	12113
20130718	10551
20130719	9561
20130720	115
20130721	49
20130722	15077
20130723	12484
20130724	11944
20130725	10673
20130726	9167
20130727	70
20130728	35
20130729	14696
20130730	12655
20130731	10774
20130801	11626
20130802	9624
20130803	271
20130804	87
20130805	14417
20130806	12013
20130807	11339
20130808	9894
20130809	9256
20130810	77
20130811	82
20130812	14410
20130813	12197
20130814	10676
20130815	10561
20130816	9377
20130817	41
20130818	75
20130819	14250
20130820	12892
20130821	11994
20130822	11152
20130823	10699
20130824	176
20130825	111
20130826	2002
20130827	15732
20130828	13061
20130829	10902
20130830	11095
20130831	190
20130901	70
20130902	14415
20130903	12124
20130904	10969
20130905	10522
20130906	9450
20130907	65
20130908	70
20130909	14357
20130910	12721
20130911	11000
20130912	10625
20130913	9374
20130914	110
20130915	67
20130916	15138
20130917	12486
20130918	11373
20130919	10147
20130920	9882
20130921	122
20130922	44
20130923	15887
20130924	12638
20130925	11478
20130926	10309
20130927	9818
20130928	217
20130929	78
20130930	15123
20131001	12408
20131002	11310
20131003	10432
20131004	10213
20131005	196
20131006	63
20131007	14787
20131008	12505
20131009	11498
20131010	10798
20131011	10393
20131012	190
20131013	74
20131014	15127
20131015	12673
20131016	11255
20131017	11405
20131018	10080
20131019	304
20131020	96
20131021	14629
20131022	12679
20131023	12220
20131024	10695
20131025	10070
20131026	149
20131027	69
20131028	14701
20131029	12114
20131030	11458
20131031	10381
20131101	9066
20131102	226
20131103	67
20131104	15124
20131105	12949
20131106	11413
20131107	11143
20131108	10049
20131109	142
20131110	183
20131111	14648
20131112	12859
20131113	11911
20131114	10861
20131115	10325
20131116	202
20131117	92
20131118	14472
20131119	12523
20131120	11605
20131121	11360
20131122	10291
20131123	168
20131124	77
20131125	15652
20131126	12495
20131127	11927
20131128	10816
20131129	10778
20131130	164
20131201	109
20131202	15389
20131203	13671
20131204	12620
20131205	10722
20131206	10397
20131207	143
20131208	92
20131209	15871
20131210	14623
20131211	12423
20131212	12895
20131213	12869
20131214	211
20131215	124
20131216	18427
20131217	16880
20131218	15134
20131219	14861
20131220	12132
20131221	171
20131222	129
20131223	15621
20131224	8406
20131225	1742
20131226	1924
20131227	9725
20131228	148
20131229	109
20131230	15161
20131231	10476
20140101	1384
20140102	11251
20140103	11949
20140104	158
20140105	87
20140106	16402
20140107	14292
20140108	11417
20140109	12447
20140110	11734
20140111	211
20140112	114
20140113	16295
20140114	14300
20140115	11820
20140116	11285
20140117	11200
20140118	225
20140119	107
20140120	15944
20140121	12951
20140122	10752
20140123	10563
20140124	10328
20140125	136
20140126	92
20140127	14040
20140128	12949
20140129	11106
20140130	10968
20140131	10633
20140201	117
20140202	88
20140203	16178
20140204	13519
20140205	12389
20140206	11954
20140207	11488
20140208	115
20140209	95
20140210	15402
20140211	14221
20140212	11670
20140213	10861
20140214	10717
20140215	90
20140216	61
20140217	14992
20140218	13357
20140219	11126
20140220	11060
20140221	10436
20140222	180
20140223	69
20140224	14697
20140225	13454
20140226	11364
20140227	10951
20140228	11628
20140301	130
20140302	81
20140303	15299
20140304	14909
20140305	12304
20140306	11383
20140307	11302
20140308	165
20140309	81
20140310	16404
20140311	13750
20140312	12057
20140313	10843
20140314	11132
20140315	111
20140316	55
20140317	15958
20140318	14076
20140319	11720
20140320	10982
20140321	10729
20140322	103
20140323	201
20140324	15443
20140325	14005
20140326	12006
20140327	11051
20140328	11244
20140329	121
20140330	91
20140331	15759
20140401	14491
20140402	12061
20140403	12238
20140404	11355
20140405	128
20140406	86
20140407	15805
20140408	14439
20140409	12426
20140410	11723
20140411	11780
20140412	251
20140413	96
20140414	15929
20140415	15664
20140416	13013
20140417	12911
20140418	1935
20140419	103
20140420	72
20140421	2464
20140422	17700
20140423	15424
20140424	13282
20140425	12827
20140426	168
20140427	77
20140428	17179
20140429	14396
20140430	14011
20140501	12882
20140502	12306
20140503	133
20140504	129
20140505	2335
20140506	17294
20140507	15057
20140508	13980
20140509	11666
20140510	237
20140511	93
20140512	15618
20140513	14417
20140514	12499
20140515	11202
20140516	11306
20140517	239
20140518	91
20140519	15830
20140520	15349
20140521	13488
20140522	13349
20140523	12132
20140524	221
20140525	85
20140526	2122
20140527	17417
20140528	15319
20140529	13494
20140530	11573
20140531	204
20140601	108
20140602	16243
20140603	15079
20140604	12101
20140605	11279
20140606	11129
20140607	247
20140608	107
20140609	15523
20140610	14360
20140611	12145
20140612	11485
20140613	10818
20140614	220
20140615	63
20140616	14541
20140617	14799
20140618	12588
20140619	12078
20140620	11322
20140621	273
20140622	111
20140623	15177
20140624	14811
20140625	12741
20140626	12356
20140627	11054
20140628	299
20140629	106
20140630	16488
20140701	14883
20140702	12109
20140703	12095
20140704	11071
20140705	229
20140706	70
20140707	16172
20140708	13970
20140709	11891
20140710	11588
20140711	11366
20140712	173
20140713	40
20140714	15945
20140715	14295
20140716	12207
20140717	11945
20140718	10776
20140719	219
20140720	72
20140721	16096
20140722	14620
20140723	11676
20140724	11638
20140725	11367
20140726	208
20140727	70
20140728	15900
20140729	14249
20140730	11755
20140731	12429
20140801	11244
20140802	161
20140803	117
20140804	15982
20140805	13155
20140806	11863
20140807	11892
20140808	10604
20140809	209
20140810	64
20140811	15545
20140812	14995
20140813	11636
20140814	12056
20140815	11159
20140816	147
20140817	88
20140818	16010
20140819	14238
20140820	12887
20140821	13290
20140822	11114
20140823	181
20140824	85
20140825	2590
20140826	16895
20140827	15380
20140828	12825
20140829	11237
20140830	161
20140831	84
20140901	15224
20140902	15048
20140903	12896
20140904	12906
20140905	11296
20140906	136
20140907	62
20140908	16116
20140909	13878
20140910	12613
20140911	12460
20140912	11006
20140913	98
20140914	80
20140915	16442
20140916	14520
20140917	12416
20140918	11848
20140919	10718
20140920	94
20140921	61
20140922	16949
20140923	14762
20140924	12520
20140925	11595
20140926	10936
20140927	95
20140928	52
20140929	16708
20140930	14380
20141001	12523
20141002	12592
20141003	10974
20141004	236
20141005	181
20141006	16402
20141007	15202
20141008	11795
20141009	12497
20141010	11687
20141011	228
20141012	174
20141013	15853
20141014	14697
20141015	12718
20141016	11633
20141017	11841
20141018	136
20141019	249
20141020	16639
20141021	14773
20141022	12070
20141023	12174
20141024	11701
20141025	138
20141026	155
20141027	15850
20141028	14819
20141029	12343
20141030	11711
20141031	11061
20141101	137
20141102	156
20141103	16547
20141104	14645
20141105	12652
20141106	11805
20141107	12152
20141108	132
20141109	126
20141110	17085
20141111	15182
20141112	12932
20141113	12294
20141114	11472
20141115	84
20141116	125
20141117	16936
20141118	15427
20141119	11749
20141120	12685
20141121	11737
20141122	114
20141123	129
20141124	16835
20141125	15150
20141126	13126
20141127	12024
20141128	11542
20141129	130
20141130	174
20141201	17336
20141202	15847
20141203	11885
20141204	13110
20141205	12042
20141206	212
20141207	189
20141208	18634
20141209	16927
20141210	14307
20141211	14379
20141212	12649
20141213	151
20141214	56
20141215	20233
20141216	19475
20141217	16614
20141218	15366
20141219	14648
20141220	105
20141221	99
20141222	18853
20141223	14467
20141224	8481
20141225	1823
20141226	2152
20141227	131
20141228	50
20141229	17971
20141230	13427
20141231	9196
20150101	1412
20150102	12602
20150103	100
20150104	72
20150105	20151
20150106	17527
20150107	13026
20150108	13026
20150109	12952
20150110	130
20150111	29
20150112	19077
20150113	16252
20150114	12533
20150115	12156
20150116	11922
20150117	179
20150118	60
20150119	17299
20150120	15270
20150121	11427
20150122	11039
20150123	11749
20150124	124
20150125	38
20150126	16858
20150127	15444
20150128	11197
20150129	11471
20150130	11984
20150131	127
20150201	47
20150202	18638
20150203	16070
20150204	12881
20150205	12702
20150206	12496
20150207	122
20150208	27
20150209	17993
20150210	16136
20150211	13547
20150212	12654
20150213	11838
20150214	118
20150215	52
20150216	17045
20150217	15327
20150218	11734
20150219	11640
20150220	11440
20150221	155
20150222	58
20150223	17965
20150224	15659
20150225	12569
20150226	11662
20150227	13358
20150228	200
20150301	67
20150302	17502
20150303	15864
20150304	13274
20150305	11842
20150306	12667
20150307	76
20150308	73
20150309	17775
20150310	17712
20150311	12536
20150312	12474
20150313	11708
20150314	183
20150315	75
20150316	17771
20150317	15588
20150318	12772
20150319	12039
20150320	12209
20150321	113
20150322	70
20150323	18523
20150324	16215
20150325	13264
20150326	13064
20150327	12621
20150328	119
20150329	68
20150330	19530
20150331	17902
20150401	12591
20150402	13979
20150403	2128
20150404	93
20150405	78
20150406	3457
20150407	20071
20150408	16250
20150409	15252
20150410	12386
20150411	183
20150412	72
20150413	17578
20150414	17076
20150415	13094
20150416	12177
20150417	12391
20150418	118
20150419	77
20150420	17605
20150421	16362
20150422	13020
20150423	13260
20150424	11903
20150425	121
20150426	74
20150427	18854
20150428	16388
20150429	13619
20150430	13149
20150501	12951
20150502	105
20150503	85
20150504	3264
20150505	19615
20150506	15441
20150507	14270
20150508	12220
20150509	166
20150510	80
20150511	18510
20150512	15197
20150513	13550
20150514	13609
20150515	12114
20150516	104
20150517	64
20150518	18727
20150519	16742
20150520	13517
20150521	13700
20150522	12774
20150523	99
20150524	64
20150525	2962
20150526	20132
20150527	16554
20150528	13263
20150529	11942
20150530	102
20150531	67
20150601	17245
20150602	16341
20150603	13549
20150604	13679
20150605	12471
20150606	110
20150607	84
20150608	18054
20150609	15755
20150610	13083
20150611	12975
20150612	12354
20150613	208
20150614	119
20150615	17507
20150616	15546
20150617	12558
20150618	12883
20150619	12191
20150620	141
20150621	107
20150622	18431
20150623	16451
20150624	14084
20150625	12090
20150626	12631
20150627	114
20150628	87
20150629	18059
20150630	16354
20150701	12945
20150702	12480
20150703	12511
20150704	93
20150705	89
20150706	17330
20150707	16741
20150708	13122
20150709	12981
20150710	12225
20150711	161
20150712	116
20150713	18688
20150714	15868
20150715	13311
20150716	12825
20150717	12906
20150718	149
20150719	139
20150720	18060
20150721	16597
20150722	12687
20150723	12095
20150724	13198
20150725	141
20150726	113
20150727	17333
20150728	16234
20150729	13410
20150730	12466
20150731	11664
20150801	78
20150802	106
20150803	17644
20150804	15883
20150805	13585
20150806	12565
20150807	12233
20150808	95
20150809	97
20150810	18123
20150811	16230
20150812	13388
20150813	12638
20150814	11739
20150815	109
20150816	102
20150817	18736
20150818	16448
20150819	13264
20150820	12543
20150821	12399
20150822	121
20150823	162
20150824	19342
20150825	16007
20150826	14380
20150827	12884
20150828	12848
20150829	115
20150830	143
20150831	3759
20150901	18636
20150902	15113
20150903	14332
20150904	13589
20150905	195
20150906	195
20150907	17924
20150908	16073
20150909	14343
20150910	13617
20150911	12030
20150912	330
20150913	208
20150914	17518
20150915	15620
20150916	13502
20150917	13386
20150918	12713
20150919	193
20150920	314
20150921	16947
20150922	15881
20150923	14520
20150924	13861
20150925	11956
20150926	149
20150927	245
20150928	17344
20150929	16255
20150930	13247
20151001	13731
20151002	12256
20151003	182
20151004	225
20151005	17556
20151006	16764
20151007	13414
20151008	13902
20151009	12916
20151010	170
20151011	219
20151012	18794
20151013	16107
20151014	13635
20151015	13450
20151016	12462
20151017	245
20151018	215
20151019	18574
20151020	15353
20151021	14399
20151022	13167
20151023	12061
20151024	368
20151025	189
20151026	19542
20151027	15597
20151028	13468
20151029	12782
20151030	12536
20151031	90
20151101	211
20151102	19557
20151103	15689
20151104	13715
20151105	13717
20151106	13115
20151107	256
20151108	168
20151109	18458
20151110	15032
20151111	14253
20151112	14099
20151113	12551
20151114	180
20151115	100
20151116	18448
20151117	17772
20151118	14535
20151119	13435
20151120	12639
20151121	318
20151122	129
20151123	19935
20151124	15657
20151125	13506
20151126	13918
20151127	12249
20151128	254
20151129	115
20151130	19270
20151201	16807
20151202	14063
20151203	14083
20151204	13292
20151205	197
20151206	216
20151207	20441
20151208	18354
20151209	14431
20151210	14457
20151211	14463
20151212	271
20151213	172
20151214	23362
20151215	20001
20151216	17652
20151217	16447
20151218	16541
20151219	304
20151220	172
20151221	23170
20151222	17132
20151223	11975
20151224	9280
20151225	2236
20151226	40
20151227	114
20151228	4392
20151229	16358
20151230	13063
20151231	10924
20160101	1990
20160102	71
20160103	99
20160104	19833
20160105	18035
20160106	15747
20160107	15431
20160108	13347
20160109	191
20160110	114
20160111	20500
20160112	18676
20160113	15513
20160114	13957
20160115	12216
20160116	204
20160117	283
20160118	20345
20160119	17662
20160120	13393
20160121	13088
20160122	11587
20160123	158
20160124	126
20160125	18130
20160126	16119
20160127	13620
20160128	13165
20160129	12201
20160130	180
20160131	107
20160201	19769
20160202	17736
20160203	14214
20160204	13994
20160205	13259
20160206	150
20160207	132
20160208	20192
20160209	17795
20160210	13800
20160211	13948
20160212	13856
20160213	185
20160214	119
20160215	19140
20160216	16489
20160217	13933
20160218	13377
20160219	12199
20160220	277
20160221	108
20160222	18522
20160223	16884
20160224	13649
20160225	13445
20160226	12944
20160227	257
20160228	134
20160229	19984
20160301	17490
20160302	14801
20160303	15081
20160304	13140
20160305	408
20160306	139
20160307	20564
20160308	16686
20160309	14989
20160310	14251
20160311	13229
20160312	207
20160313	80
20160314	20385
20160315	16852
20160316	13826
20160317	14617
20160318	13738
20160319	400
20160320	78
20160321	20979
20160322	18854
20160323	16047
20160324	15899
20160325	2500
20160326	101
20160327	89
20160328	4091
20160329	22132
20160330	17855
20160331	16431
20160401	13616
20160402	179
20160403	106
20160404	20363
20160405	18332
20160406	16111
20160407	14766
20160408	12376
20160409	132
20160410	90
20160411	19778
20160412	16788
20160413	15304
20160414	14123
20160415	12415
20160416	198
20160417	184
20160418	18933
20160419	16754
20160420	15310
20160421	13800
20160422	12468
20160423	162
20160424	98
20160425	20932
20160426	17682
20160427	16062
20160428	14148
20160429	14644
20160430	205
20160501	100
20160502	4263
20160503	22797
20160504	18632
20160505	15751
20160506	14809
20160507	194
20160508	105
20160509	19994
20160510	17654
20160511	14952
20160512	13998
20160513	13747
20160514	163
20160515	59
20160516	18926
20160517	18148
20160518	14330
20160519	13581
20160520	14451
20160521	253
20160522	108
20160523	19637
20160524	17989
20160525	14151
20160526	15749
20160527	15297
20160528	148
20160529	84
20160530	4147
20160531	22070
20160601	16917
20160602	15911
20160603	15427
20160604	163
20160605	104
20160606	19762
20160607	18623
20160608	14348
20160609	14094
20160610	13968
20160611	108
20160612	64
20160613	18555
20160614	17434
20160615	15212
20160616	13525
20160617	13766
20160618	100
20160619	33
20160620	19237
20160621	18483
20160622	14164
20160623	14847
20160624	13620
20160625	138
20160626	38
20160627	19062
20160628	17733
20160629	15238
20160630	13759
20160701	13598
20160702	117
20160703	82
20160704	20559
20160705	17665
20160706	15233
20160707	14166
20160708	14281
20160709	116
20160710	67
20160711	19139
20160712	17036
20160713	14565
20160714	13613
20160715	14887
20160716	100
20160717	65
20160718	19570
20160719	16730
20160720	14541
20160721	14210
20160722	14599
20160723	267
20160724	90
20160725	20588
20160726	17382
20160727	14964
20160728	13882
20160729	15478
20160730	107
20160731	86
20160801	19599
20160802	17007
20160803	14089
20160804	14603
20160805	14169
20160806	115
20160807	40
20160808	19319
20160809	17021
20160810	13950
20160811	14503
20160812	14815
20160813	150
20160814	71
20160815	19787
20160816	17081
20160817	14429
20160818	14421
20160819	14612
20160820	146
20160821	79
20160822	21116
20160823	17980
20160824	15034
20160825	14750
20160826	14951
20160827	171
20160828	71
20160829	4213
20160830	21040
20160831	16987
20160901	16424
20160902	15158
20160903	360
20160904	61
20160905	19458
20160906	17850
20160907	14835
20160908	14153
20160909	13762
20160910	350
20160911	68
20160912	19105
20160913	18269
20160914	14780
20160915	15044
20160916	14445
20160917	250
20160918	96
20160919	19481
20160920	17420
20160921	16503
20160922	14896
20160923	13916
20160924	648
20160925	155
20160926	20084
20160927	17426
20160928	15089
20160929	14826
20160930	13766
20161001	374
20161002	55
20161003	19817
20161004	18015
20161005	16083
20161006	15062
20161007	14343
20161008	296
20161009	69
20161010	19960
20161011	18080
20161012	15273
20161013	14701
20161014	14146
20161015	542
20161016	239
20161017	20674
20161018	17942
20161019	16548
20161020	15030
20161021	14201
20161022	275
20161023	69
20161024	20661
20161025	15987
20161026	14677
20161027	14439
20161028	14463
20161029	402
20161030	62
20161031	19388
20161101	16558
20161102	15601
20161103	15886
20161104	14433
20161105	401
20161106	73
20161107	20070
20161108	18531
20161109	15469
20161110	14937
20161111	14930
20161112	596
20161113	56
20161114	19560
20161115	18537
20161116	14714
20161117	15342
20161118	15440
20161119	383
20161120	110
20161121	19822
20161122	16556
20161123	16528
20161124	15234
20161125	15725
20161126	320
20161127	112
20161128	20791
20161129	17747
20161130	16619
20161201	15234
20161202	16471
20161203	343
20161204	516
20161205	21532
20161206	19985
20161207	17430
20161208	16641
20161209	15796
20161210	413
20161211	348
20161212	22614
20161213	21109
20161214	18682
20161215	18718
20161216	18430
20161217	539
20161218	436
20161219	25808
20161220	22477
20161221	17966
20161222	14979
20161223	14059
20161224	165
20161225	220
20161226	3644
20161227	3605
20161228	17146
20161229	15464
20161230	14962
20161231	312
20170101	74
20170102	3059
20170103	21360
20170104	19354
20170105	17148
20170106	17282
20170107	399
20170108	156
20170109	19913
20170110	19072
20170111	17693
20170112	17003
20170113	17247
20170114	456
20170115	121
20170116	19942
20170117	18168
20170118	16548
20170119	15753
20170120	15872
20170121	372
20170122	98
20170123	19706
20170124	17420
20170125	14829
20170126	15060
20170127	15590
20170128	468
20170129	112
20170130	20074
20170131	18830
20170201	15895
20170202	15772
20170203	15936
20170204	414
20170205	148
20170206	22025
20170207	18508
20170208	17376
20170209	15815
20170210	17083
20170211	399
20170212	243
20170213	20349
20170214	17020
20170215	16728
20170216	15547
20170217	15680
20170218	509
20170219	111
20170220	20722
20170221	17214
20170222	15318
20170223	14620
20170224	16097
20170225	532
20170226	111
20170227	20999
20170228	18516
20170301	16311
20170302	15826
20170303	15856
20170304	414
20170305	103
20170306	23506
20170307	18851
20170308	16382
20170309	15652
20170310	17117
20170311	466
20170312	165
20170313	22628
20170314	18642
20170315	15408
20170316	15343
20170317	15390
20170318	356
20170319	125
20170320	21965
20170321	18212
20170322	16337
20170323	14869
20170324	15558
20170325	382
20170326	89
20170327	21954
20170328	19367
20170329	15556
20170330	15714
20170331	16766
20170401	465
20170402	143
20170403	23437
20170404	20357
20170405	17189
20170406	16279
20170407	16759
20170408	374
20170409	311
20170410	22766
20170411	20229
20170412	15755
20170413	17737
20170414	3819
20170415	249
20170416	126
20170417	4038
20170418	25528
20170419	20007
20170420	18362
20170421	16202
20170422	288
20170423	122
20170424	22416
20170425	20010
20170426	18050
20170427	19144
20170428	18415
20170429	255
20170430	127
20170501	3547
20170502	24077
20170503	20825
20170504	18173
20170505	18265
20170506	249
20170507	132
20170508	20569
20170509	19575
20170510	16694
20170511	15628
20170512	14508
20170513	186
20170514	130
20170515	21878
20170516	18598
20170517	17068
20170518	16922
20170519	16682
20170520	336
20170521	146
20170522	22232
20170523	19110
20170524	17783
20170525	16949
20170526	18065
20170527	222
20170528	114
20170529	4522
20170530	22992
20170531	20056
20170601	18159
20170602	16100
20170603	293
20170604	156
20170605	21587
20170606	20250
20170607	16090
20170608	16702
20170609	17073
20170610	257
20170611	105
20170612	20917
20170613	17672
20170614	16404
20170615	16354
20170616	16698
20170617	251
20170618	75
20170619	20631
20170620	20580
20170621	16381
20170622	16469
20170623	16216
20170624	312
20170625	74
20170626	20893
20170627	20299
20170628	17271
20170629	15958
20170630	17343
20170701	362
20170702	100
20170703	21668
20170704	19756
20170705	16910
20170706	16210
20170707	16491
20170708	247
20170709	103
20170710	21997
20170711	18675
20170712	17178
20170713	16347
20170714	16481
20170715	240
20170716	150
20170717	23492
20170718	19913
20170719	17515
20170720	15759
20170721	15311
20170722	300
20170723	114
20170724	22486
20170725	20081
20170726	16535
20170727	16161
20170728	15674
20170729	206
20170730	102
20170731	23279
20170801	19548
20170802	16726
20170803	16565
20170804	15281
20170805	327
20170806	175
20170807	23247
20170808	19938
20170809	16110
20170810	15801
20170811	15337
20170812	269
20170813	158
20170814	22853
20170815	19399
20170816	16914
20170817	16721
20170818	15897
20170819	288
20170820	147
20170821	23461
20170822	19005
20170823	17457
20170824	17144
20170825	16247
20170826	555
20170827	165
20170828	5768
20170829	24091
20170830	20709
20170831	17854
20170901	15004
20170902	342
20170903	150
20170904	22002
20170905	20419
20170906	18161
20170907	17861
20170908	15839
20170909	257
20170910	163
20170911	20882
20170912	20442
20170913	17876
20170914	16969
20170915	16170
20170916	253
20170917	233
20170918	21273
20170919	19080
20170920	18644
20170921	17299
20170922	15417
20170923	325
20170924	185
20170925	22337
20170926	21009
20170927	18350
20170928	17461
20170929	16680
20170930	187
20171001	174
20171002	22610
20171003	18754
20171004	19201
20171005	17564
20171006	16026
20171007	385
20171008	151
20171009	22124
20171010	20028
20171011	17618
20171012	17297
20171013	16305
20171014	203
20171015	88
20171016	22793
20171017	19240
20171018	18100
20171019	17520
20171020	17350
20171021	282
20171022	208
20171023	21150
20171024	21621
20171025	16520
20171026	16834
20171027	16214
20171028	431
20171029	179
20171030	22814
20171031	20330
20171101	17161
20171102	16580
20171103	17403
20171104	221
20171105	91
20171106	22272
20171107	19044
20171108	18686
20171109	17870
20171110	17644
20171111	203
20171112	150
20171113	24283
20171114	19383
20171115	17795
20171116	17259
20171117	16803
20171118	229
20171119	109
20171120	24319
20171121	20467
20171122	17431
20171123	17165
20171124	16640
20171125	346
20171126	114
20171127	24995
20171128	20443
20171129	18312
20171130	18437
20171201	16220
20171202	235
20171203	118
20171204	24514
20171205	21322
20171206	18741
20171207	17864
20171208	15809
20171209	285
20171210	195
20171211	27179
20171212	22886
20171213	20177
20171214	19701
20171215	18186
20171216	538
20171217	927
20171218	29257
20171219	24786
20171220	22294
20171221	18773
20171222	17986
20171223	577
20171224	263
20171225	5538
20171226	4775
20171227	19726
20171228	17282
20171229	16703
20171230	218
20171231	606
20180101	4805
20180102	22682
20180103	20558
20180104	19896
20180105	19033
20180106	564
20180107	187
20180108	22810
20180109	22653
20180110	20341
20180111	18472
20180112	18440
20180113	560
20180114	137
20180115	21878
20180116	20219
20180117	19154
20180118	19281
20180119	17072
20180120	329
20180121	113
20180122	19537
20180123	19949
20180124	18779
20180125	16199
20180126	17045
20180127	302
20180128	137
20180129	22911
20180130	20297
20180131	17542
20180201	18154
20180202	17103
20180203	268
20180204	151
20180205	23093
20180206	20110
20180207	18999
20180208	16762
20180209	16415
20180210	222
20180211	161
20180212	23119
20180213	20568
20180214	19314
20180215	15568
20180216	16135
20180217	330
20180218	96
20180219	23279
20180220	19349
20180221	17280
20180222	15877
20180223	16370
20180224	299
20180225	131
20180226	24487
20180227	20728
20180228	18741
20180301	17716
20180302	17994
20180303	227
20180304	124
20180305	23452
20180306	20207
20180307	20261
20180308	18378
20180309	17428
20180310	422
20180311	154
20180312	24116
20180313	20145
20180314	18039
20180315	17604
20180316	17051
20180317	302
20180318	120
20180319	23035
20180320	20186
20180321	18464
20180322	19429
20180323	16863
20180324	271
20180325	113
20180326	24824
20180327	22505
20180328	20254
20180329	21754
20180330	3331
20180331	163
20180401	78
20180402	5344
20180403	24165
20180404	24101
20180405	20952
20180406	17924
20180407	178
20180408	172
20180409	24327
20180410	22145
20180411	18543
20180412	17583
20180413	15007
20180414	512
20180415	225
20180416	22701
20180417	20362
20180418	18795
20180419	17668
20180420	16863
20180421	221
20180422	161
20180423	23449
20180424	20446
20180425	19706
20180426	17932
20180427	16076
20180428	268
20180429	108
20180430	23961
20180501	21856
20180502	20709
20180503	19706
20180504	19520
20180505	267
20180506	158
20180507	5433
20180508	24215
20180509	21714
20180510	19587
20180511	17678
20180512	313
20180513	140
20180514	22210
20180515	19865
20180516	19659
20180517	18527
20180518	16391
20180519	332
20180520	239
20180521	24017
20180522	18854
20180523	20638
20180524	19927
20180525	18734
20180526	377
20180527	206
20180528	4443
20180529	23429
20180530	23093
20180531	20133
20180601	16323
20180602	289
20180603	193
20180604	23963
20180605	22392
20180606	19708
20180607	18749
20180608	15978
20180609	211
20180610	105
20180611	22922
20180612	21100
20180613	19368
20180614	18389
20180615	17047
20180616	404
20180617	168
20180618	22798
20180619	20905
20180620	17951
20180621	18170
20180622	16159
20180623	350
20180624	83
20180625	22996
20180626	22194
20180627	19566
20180628	18267
20180629	16628
20180630	315
20180701	102
20180702	24110
20180703	21194
20180704	18666
20180705	19017
20180706	16542
20180707	241
20180708	93
20180709	22994
20180710	21116
20180711	17497
20180712	18395
20180713	17079
20180714	268
20180715	667
20180716	24625
20180717	20932
20180718	17791
20180719	17074
20180720	17017
20180721	225
20180722	101
20180723	25350
20180724	21276
20180725	19266
20180726	16841
20180727	17726
20180728	241
20180729	100
20180730	23929
20180731	21143
20180801	17621
20180802	17260
20180803	16076
20180804	253
20180805	120
20180806	23177
20180807	20690
20180808	18540
20180809	17688
20180810	17311
20180811	128
20180812	606
20180813	22855
20180814	22453
20180815	18017
20180816	16863
20180817	17541
20180818	151
20180819	79
20180820	24223
20180821	22602
20180822	18412
20180823	18496
20180824	18493
20180825	223
20180826	82
20180827	5344
20180828	25854
20180829	21315
20180830	20495
20180831	16956
20180901	258
20180902	256
20180903	23934
20180904	22105
20180905	19577
20180906	17031
20180907	17352
20180908	348
20180909	92
20180910	23139
20180911	21949
20180912	18582
20180913	19191
20180914	16586
20180915	590
20180916	72
20180917	22986
20180918	21843
20180919	18443
20180920	19550
20180921	15984
20180922	149
20180923	430
20180924	25113
20180925	21255
20180926	19277
20180927	18506
20180928	17070
20180929	684
20180930	204
20181001	23798
20181002	21229
20181003	19267
20181004	18367
20181005	17585
20181006	234
20181007	120
20181008	25214
20181009	22044
20181010	18374
20181011	19816
20181012	17260
20181013	314
20181014	131
20181015	25626
20181016	20611
20181017	18640
20181018	17913
20181019	17647
20181020	152
20181021	121
20181022	27108
20181023	21180
20181024	18329
20181025	17319
20181026	16342
20181027	556
20181028	143
20181029	25164
20181030	21801
20181031	18417
20181101	18331
20181102	17715
20181103	795
20181104	108
20181105	25306
20181106	21250
20181107	19255
20181108	19517
20181109	17418
20181110	255
20181111	122
20181112	25546
20181113	22077
20181114	18769
20181115	17989
20181116	16773
20181117	771
20181118	96
20181119	25461
20181120	21826
20181121	17936
20181122	17781
20181123	17071
20181124	809
20181125	115
20181126	25705
20181127	19929
20181128	19169
20181129	18865
20181130	18938
20181201	257
20181202	125
20181203	26649
20181204	23046
20181205	18734
20181206	19338
20181207	19181
20181208	1094
20181209	158
20181210	26216
20181211	24551
20181212	21484
20181213	21690
20181214	20250
20181215	857
20181216	178
20181217	31513
20181218	26202
20181219	22945
20181220	21954
20181221	21204
20181222	469
20181223	126
20181224	19204
20181225	5098
20181226	4521
20181227	20138
20181228	20286
20181229	294
20181230	127
20181231	22868
20190101	4165
20190102	20559
20190103	21423
20190104	20962
20190105	499
20190106	119
20190107	27040
20190108	21939
20190109	19128
20190110	19807
20190111	20243
20190112	405
20190113	311
20190114	26053
20190115	21043
20190116	19541
20190117	18902
20190118	18347
20190119	259
20190120	113
20190121	24838
20190122	20665
20190123	18487
20190124	18820
20190125	17528
20190126	305
20190127	101
20190128	25496
20190129	21772
20190130	18307
20190131	18558
20190201	19724
20190202	115
20190203	91
20190204	25468
20190205	22277
20190206	20715
20190207	18940
20190208	19788
20190209	192
20190210	91
20190211	25324
20190212	22815
20190213	19513
20190214	18524
20190215	19392
20190216	614
20190217	110
20190218	25192
20190219	20712
20190220	18334
20190221	18466
20190222	17914
20190223	309
20190224	74
20190225	25092
20190226	20977
20190227	20734
20190228	19599
20190301	19926
20190302	242
20190303	351
20190304	26115
20190305	22570
20190306	19674
20190307	20602
20190308	20193
20190309	237
20190310	159
20190311	25984
20190312	21247
20190313	20297
20190314	19203
20190315	20422
20190316	301
20190317	137
20190318	25197
20190319	21634
20190320	18516
20190321	18805
20190322	19053
20190323	199
20190324	115
20190325	25722
20190326	23084
20190327	19012
20190328	19232
20190329	19130
20190330	294
20190331	199
20190401	26649
20190402	22847
20190403	19666
20190404	19514
20190405	18323
20190406	241
20190407	178
20190408	27769
20190409	22627
20190410	20824
20190411	19212
20190412	19605
20190413	203
20190414	175
20190415	27653
20190416	24251
20190417	21962
20190418	23034
20190419	4502
20190420	161
20190421	195
20190422	5045
20190423	28957
20190424	25142
20190425	22403
20190426	20248
20190427	348
20190428	174
20190429	26100
20190430	23727
20190501	22174
20190502	21428
20190503	21410
20190504	127
20190505	117
20190506	4118
20190507	29010
20190508	23942
20190509	21353
20190510	19801
20190511	140
20190512	128
20190513	24771
20190514	23812
20190515	20633
20190516	18777
20190517	20883
20190518	230
20190519	234
20190520	25795
20190521	21252
20190522	22171
20190523	22144
20190524	22975
20190525	144
20190526	148
20190527	4201
20190528	28190
20190529	23422
20190530	21007
20190531	20154
20190601	380
20190602	153
20190603	24176
20190604	22473
20190605	21285
20190606	19834
20190607	20536
20190608	180
20190609	182
20190610	24465
20190611	23451
20190612	18898
20190613	20184
20190614	26096
20190615	207
20190616	111
20190617	24221
20190618	20799
20190619	19051
20190620	19106
20190621	19006
20190622	226
20190623	228
20190624	24685
20190625	22868
20190626	18409
20190627	18579
20190628	18724
20190629	248
20190630	107
20190701	25186
20190702	22191
20190703	19932
20190704	19920
20190705	18468
20190706	242
20190707	132
20190708	26170
20190709	21174
20190710	18927
20190711	19643
20190712	19097
20190713	231
20190714	163
20190715	25931
20190716	22235
20190717	19527
20190718	19024
20190719	18857
20190720	239
20190721	111
20190722	26045
20190723	21119
20190724	17769
20190725	18459
20190726	18846
20190727	187
20190728	117
20190729	25887
20190730	21937
20190731	19968
20190801	20117
20190802	18117
20190803	174
20190804	221
20190805	25297
20190806	22267
20190807	17918
20190808	18862
20190809	18610
20190810	297
20190811	269
20190812	24685
20190813	21752
20190814	19552
20190815	18481
20190816	18425
20190817	174
20190818	249
20190819	26618
20190820	22149
20190821	19999
20190822	18630
20190823	19898
20190824	167
20190825	120
20190826	5916
20190827	26617
20190828	23951
20190829	19874
20190830	19304
20190831	143
20190901	431
20190902	24451
20190903	22599
20190904	19924
20190905	18679
20190906	19286
20190907	118
20190908	269
20190909	24884
20190910	23105
20190911	18729
20190912	18551
20190913	19777
20190914	320
20190915	104
20190916	22882
20190917	23462
20190918	18092
20190919	17975
20190920	19663
20190921	147
20190922	113
20190923	26151
20190924	21427
20190925	19287
20190926	18845
20190927	20554
20190928	226
20190929	100
20190930	25223
20191001	21865
20191002	19638
20191003	19444
20191004	18998
20191005	373
20191006	217
20191007	25234
20191008	22182
20191009	20119
20191010	19208
20191011	18718
20191012	464
20191013	427
20191014	26080
20191015	19970
20191016	18467
20191017	21143
20191018	19963
20191019	318
20191020	145
20191021	24715
20191022	21869
20191023	17904
20191024	19507
20191025	18350
20191026	345
20191027	428
20191028	24798
20191029	23267
20191030	19331
20191031	20116
20191101	19405
20191102	333
20191103	210
20191104	24729
20191105	20784
20191106	20216
20191107	19153
20191108	19224
20191109	2331
20191110	219
20191111	24466
20191112	22907
20191113	18652
20191114	18578
20191115	19442
20191116	617
20191117	461
20191118	23069
20191119	21866
20191120	20631
20191121	18397
20191122	19528
20191123	323
20191124	490
20191125	24568
20191126	22144
20191127	19154
20191128	20761
20191129	19427
20191130	632
20191201	185
20191202	23775
20191203	22873
20191204	20772
20191205	19781
20191206	21148
20191207	233
20191208	92
20191209	24205
20191210	22990
20191211	19554
20191212	21603
20191213	21134
20191214	428
20191215	806
20191216	29644
20191217	26138
20191218	24938
20191219	24291
20191220	22604
20191221	293
20191222	574
20191223	24961
20191224	16865
20191225	4369
20191226	4235
20191227	19798
20191228	143
20191229	349
20191230	26055
20191231	19902
20200101	3349
20200102	19198
20200103	21190
20200104	375
20200105	271
20200106	26434
20200107	25920
20200108	19391
20200109	19066
20200110	21010
20200111	248
20200112	169
20200113	26522
20200114	22126
20200115	19542
20200116	18801
20200117	19289
20200118	241
20200119	530
20200120	25346
20200121	21770
20200122	19181
20200123	18455
20200124	18374
20200125	270
20200126	572
20200127	24139
20200128	20572
20200129	17559
20200130	18346
20200131	19057
20200201	279
20200202	594
20200203	25123
20200204	23072
20200205	19569
20200206	21037
20200207	18796
20200208	236
20200209	464
20200210	24294
20200211	22591
20200212	19424
20200213	19385
20200214	18666
20200215	218
20200216	460
20200217	24978
20200218	21864
20200219	19154
20200220	18385
20200221	19525
20200222	188
20200223	845
20200224	23927
20200225	20841
20200226	18008
20200227	19674
20200228	19703
20200229	135
20200301	174
20200302	26168
20200303	22779
20200304	19846
20200305	19682
20200306	19771
20200307	128
20200308	537
20200309	26632
20200310	22521
20200311	20295
20200312	19005
20200313	20849
20200314	411
20200315	566
20200316	30350
20200317	27188
20200318	23368
20200319	22661
20200320	22483
20200321	261
20200322	564
20200323	29750
20200324	25333
20200325	19788
20200326	18716
20200327	18181
20200328	253
20200329	420
20200330	24732
20200331	21597
20200401	17901
20200402	17584
20200403	19668
20200404	274
20200405	410
20200406	26822
20200407	21502
20200408	19790
20200409	19031
20200410	11545
20200411	218
20200412	459
20200413	12824
20200414	22536
20200415	20026
20200416	17478
20200417	19789
20200418	211
20200419	259
20200420	24401
20200421	21190
20200422	17295
20200423	16961
20200424	18453
20200425	272
20200426	312
20200427	24158
20200428	19418
20200429	17204
20200430	17935
20200501	18168
20200502	296
20200503	198
20200504	25335
20200505	19883
20200506	17885
20200507	18689
20200508	8792
20200509	189
20200510	242
20200511	26541
20200512	21732
20200513	18188
20200514	18642
20200515	17826
20200516	219
20200517	193
20200518	24983
20200519	20997
20200520	18140
20200521	18149
20200522	16131
20200523	266
20200524	220
20200525	5269
20200526	13006
20200527	4670
20200528	4889
20200529	4725
20200530	202
20200531	109
20200601	3586
20200602	4366
20200603	3504
20200604	4150
20200605	4154
20200606	106
20200607	66
20200608	2812
20200609	3217
20200610	2893
20200611	3248
20200612	3351
20200613	125
20200614	66
20200615	1999
20200616	2429
20200617	2049
20200618	2548
20200619	2287
20200620	84
20200621	44
20200622	1805
20200623	1697
20200624	1605
20200625	1990
20200626	1764
20200627	71
20200628	10
20200629	1399
20200630	1288
20200701	1214
20200702	1660
20200703	1571
20200704	34
20200705	7
20200706	1260
20200707	1119
20200708	1137
20200709	1340
20200710	1263
20200711	36
20200712	6
20200713	875
20200714	1083
20200715	930
20200716	1194
20200717	1088
20200718	44
20200719	38
20200720	925
20200721	849
20200722	778
20200723	1062
20200724	703
20200725	50
20200726	14
20200727	692
20200728	648
20200729	490
20200730	821
20200731	638
20200801	4
20200802	2
20200803	557
20200804	512
20200805	478
20200806	550
20200807	532
20200808	28
20200809	4
20200810	374
20200811	501
20200812	332
20200813	351
20200814	398
20200815	36
20200816	21
20200817	508
20200818	375
20200819	335
20200820	354
20200821	279
20200822	30
20200823	9
20200824	407
20200825	230
20200826	209
20200827	373
20200828	232
20200829	12
20200831	385
20200901	296
20200902	317
20200903	266
20200904	298
20200905	24
20200906	2
20200907	261
20200908	350
20200909	270
20200910	292
20200911	343
20200912	24
20200913	17
20200914	479
20200915	321
20200916	297
20200917	274
20200918	212
20200919	17
20200920	7
20200921	327
20200922	182
20200923	173
20200924	299
20200925	164
20200926	1
20200927	2
20200928	290
20200929	211
20200930	223
20201001	215
20201002	183
20201003	13
20201005	181
20201006	242
20201007	193
20201008	228
20201009	208
20201010	14
20201011	15
20201012	257
20201013	211
20201014	187
20201015	146
20201016	171
20201017	18
20201018	6
20201019	180
20201020	115
20201021	120
20201022	168
20201023	91
20201024	3
20201026	178
20201027	138
20201028	137
20201029	136
20201030	126
20201031	12
20201101	1
20201102	115
20201103	157
20201104	123
20201105	137
20201106	172
20201107	12
20201108	11
20201109	187
20201110	161
20201111	128
20201112	56
20201113	112
20201114	6
20201115	3
20201116	141
20201117	89
20201118	67
20201119	112
20201120	84
20201121	1
20201123	112
20201124	77
20201125	93
20201126	88
20201127	70
20201128	10
20201129	2
20201130	97
20201201	113
20201202	73
20201203	80
20201204	144
20201205	4
20201206	7
20201207	143
20201208	134
20201209	90
20201210	45
20201211	111
20201212	3
20201213	4
20201214	122
20201215	68
20201216	57
20201217	87
20201218	78
20201219	5
20201221	75
20201222	59
20201223	73
20201224	70
20201225	54
20201226	9
20201227	2
20201228	63
20201229	100
20201230	84
20201231	78
20210101	143
20210102	5
20210103	7
20210104	117
20210105	120
20210106	80
20210107	34
20210108	73
20210110	5
20210111	107
20210112	68
20210113	57
20210114	75
20210115	56
20210116	1
20210118	81
20210119	45
20210120	51
20210121	58
20210122	45
20210123	9
20210125	44
20210126	91
20210127	58
20210128	58
20210129	86
20210130	1
20210131	2
20210201	72
20210202	101
20210203	57
20210204	22
20210205	85
20210206	1
20210207	3
20210208	86
20210209	33
20210210	43
20210211	66
20210212	50
20210213	3
20210215	59
20210216	24
20210217	49
20210218	49
20210219	44
20210222	26
20210223	36
20210224	35
20210225	26
20210226	33
20210227	1
20210301	46
20210302	38
20210303	20
20210304	7
20210305	21
20210308	76
20210309	14
20210310	20
20210311	51
20210312	33
20210313	1
20210315	41
20210316	9
20210317	18
20210318	41
20210319	33
20210322	15
20210323	16
20210324	17
20210325	17
20210326	17
20210329	25
20210330	28
20210331	8
20210401	1
20210402	13
20210405	18
20210406	4
20210407	1
20210408	3
20210409	2
20210412	18
20210413	1
20210414	7
20210415	11
20210416	5
20210419	10
20210420	3
20210421	9
20210422	3
20210427	1
20210504	1
20210511	1
20210518	1
20210606	1
21060503	4
21991021	4
21991028	4
21991104	4
21991111	4
29171026	5
38171102	5
47171109	5