Year,Depression
2000,10
2000,13
2000,13
2000,6
2000,10
2000,2
2000,12
2000,2
2000,11
2000,10
2000,14
2000,7
2000,7
2000,14
2000,13
2000,10
2000,1
2000,8
2000,13
2000,9
2000,7
2000,7
2000,6
2000,11
2000,14
2000,9
2000,9
2000,7
2000,6
2000,16
2000,8
2000,1
2000,8
2000,8
2000,6
2000,7
2000,8
2000,10
2000,11
2000,1
2000,9
2000,11
2000,13
2000,11
2000,8
2000,9
2000,18
2000,9
2000,8
2000,21
2000,12
2000,13
2000,5
2000,11
2000,10
2000,7
2000,1
2000,12
2000,12
2000,11
2000,11
2000,7
2000,10
2000,6
2000,12
2000,5
2000,13
2000,14
2000,10
2000,10
2000,6
2000,137
2000,16
2000,6
2000,19
2000,19
2000,7
2000,12
2000,10
2000,1
2000,1
2000,11
2000,9
2000,7
2000,6
2000,6
2000,13
2000,11
2000,6
2000,7
2000,12
2000,12
2000,7
2000,17
2000,8
2000,8
2000,7
2000,9
2000,4
2000,10
2000,11
2000,11
2000,7
2000,12
2000,10
2000,8
2000,8
2000,15
2000,7
2000,13
2000,1
2000,1
2000,4
2000,7
2000,9
2000,12
2000,9
2000,9
2000,7
2000,7
2000,14
2000,8
2000,8
2000,7
2000,6
2000,6
2000,8
2000,5
2000,2
2000,1
2000,1
2000,11
2000,7
2000,10
2000,8
2000,10
2000,14
2000,5
2000,10
2000,1
2000,15
2000,4
2000,2
2000,3
2000,7
2000,13
2000,9
2000,14
2000,16
2000,1
2000,1
2000,9
2000,10
2000,6
2000,2
2000,7
2000,12
2000,10
2000,1
2000,14
2000,12
2000,15
2000,7
2000,8
2000,9
2000,4
2000,9
2000,1
2000,12
2000,10
2000,8
2000,12
2000,7
2000,21
2000,1
2000,15
2000,11
2000,12
2000,13
2000,11
2000,14
2000,13
2000,4
2000,8
2000,1
2000,5
2000,8
2000,3
2000,5
2000,10
2000,4
2000,1
2000,2
2000,6
2000,13
2000,6
2000,16
2000,11
2000,15
2000,5
2000,12
2000,6
2000,9
2000,14
2000,5
2000,8
2000,8
2000,7
2000,10
2000,8
2000,9
2000,4
2000,11
2000,7
2000,3
2000,5
2000,8
2000,9
2000,1
2000,7
2000,12
2000,8
2000,11
2000,6
2000,13
2000,9
2000,13
2000,13
2000,12
2000,6
2000,10
2000,5
2000,8
2000,8
2000,11
2000,2
2000,8
2000,18
2000,10
2000,7
2000,7
2000,14
2000,8
2000,1
2000,11
2000,4
2000,3
2000,8
2000,12
2000,12
2000,10
2000,7
2000,12
2000,1
2000,4
2000,7
2000,9
2000,11
2000,8
2000,7
2000,7
2000,12
2000,8
2000,1
2000,9
2000,11
2000,9
2000,10
2000,6
2000,10
2000,1
2000,1
2000,8
2000,15
2000,8
2000,9
2000,10
2000,8
2000,5
2000,11
2000,2
2000,7
2000,2
2000,15
2000,10
2000,3
2000,5
2000,10
2000,4
2000,1
2001,7
2001,14
2001,12
2001,10
2001,14
2001,7
2001,11
2001,1
2001,1
2001,2
2001,8
2001,10
2001,13
2001,10
2001,19
2001,16
2001,7
2001,1
2001,10
2001,10
2001,11
2001,13
2001,9
2001,10
2001,8
2001,14
2001,19
2001,15
2001,4
2001,10
2001,12
2001,9
2001,12
2001,14
2001,11
2001,7
2001,3
2001,8
2001,21
2001,12
2001,7
2001,9
2001,11
2001,14
2001,7
2001,11
2001,9
2001,6
2001,6
2001,5
2001,12
2001,13
2001,8
2001,13
2001,12
2001,26
2001,12
2001,6
2001,11
2001,17
2001,8
2001,14
2001,10
2001,11
2001,1
2001,11
2001,16
2001,11
2001,6
2001,10
2001,8
2001,13
2001,1
2001,9
2001,5
2001,23
2001,12
2001,7
2001,1
2001,1
2001,12
2001,4
2001,13
2001,21
2001,15
2001,15
2001,10
2001,8
2001,5
2001,13
2001,1
2001,12
2001,11
2001,16
2001,12
2001,7
2001,10
2001,1
2001,9
2001,1
2001,6
2001,10
2001,11
2001,9
2001,10
2001,10
2001,11
2001,13
2001,9
2001,14
2001,1
2001,15
2001,14
2001,14
2001,7
2001,7
2001,2
2001,1
2001,11
2001,11
2001,15
2001,14
2001,15
2001,7
2001,17
2001,12
2001,10
2001,12
2001,14
2001,15
2001,13
2001,25
2001,17
2001,20
2001,16
2001,12
2001,8
2001,7
2001,16
2001,13
2001,11
2001,104
2001,9
2001,7
2001,8
2001,5
2001,10
2001,1
2001,12
2001,16
2001,5
2001,6
2001,9
2001,12
2001,11
2001,15
2001,1
2001,13
2001,20
2001,4
2001,13
2001,10
2001,11
2001,6
2001,12
2001,15
2001,14
2001,10
2001,12
2001,9
2001,22
2001,14
2001,10
2001,11
2001,7
2001,8
2001,11
2001,18
2001,1
2001,19
2001,9
2001,11
2001,8
2001,5
2001,6
2001,9
2001,7
2001,1
2001,16
2001,11
2001,12
2001,16
2001,8
2001,7
2001,13
2001,11
2001,22
2001,1
2001,8
2001,16
2001,9
2001,13
2001,8
2001,13
2001,2
2001,13
2001,5
2001,16
2001,10
2001,11
2001,9
2001,12
2001,9
2001,8
2001,1
2001,11
2001,11
2001,7
2001,15
2001,12
2001,12
2001,10
2001,13
2001,10
2001,9
2001,11
2001,11
2001,12
2001,11
2001,15
2001,10
2001,11
2001,8
2001,7
2001,9
2001,9
2001,11
2001,12
2001,17
2001,1
2001,9
2001,16
2001,11
2001,8
2001,8
2001,8
2001,10
2001,1
2001,17
2001,2
2001,13
2001,13
2001,9
2001,11
2001,13
2001,14
2001,11
2001,7
2001,8
2001,7
2001,7
2001,19
2001,12
2001,16
2001,20
2001,9
2001,17
2001,12
2001,12
2001,11
2001,9
2001,7
2001,7
2001,1
2001,11
2001,12
2001,18
2001,9
2001,17
2001,10
2001,15
2001,1
2001,9
2001,12
2002,5
2002,10
2002,9
2002,17
2002,13
2002,6
2002,24
2002,18
2002,17
2002,11
2002,16
2002,13
2002,21
2002,1
2002,15
2002,11
2002,4
2002,10
2002,11
2002,13
2002,12
2002,11
2002,569
2002,1
2002,22
2002,1
2002,12
2002,10
2002,11
2002,9
2002,10
2002,30
2002,12
2002,20
2002,12
2002,13
2002,25
2002,12
2002,15
2002,7
2002,17
2002,14
2002,10
2002,15
2002,12
2002,13
2002,16
2002,14
2002,12
2002,13
2002,17
2002,11
2002,25
2002,13
2002,8
2002,17
2002,11
2002,16
2002,8
2002,18
2002,9
2002,22
2002,15
2002,15
2002,2
2002,18
2002,10
2002,15
2002,10
2002,13
2002,13
2002,7
2002,1
2002,1
2002,19
2002,10
2002,9
2002,12
2002,7
2002,10
2002,12
2002,10
2002,17
2002,10
2002,15
2002,12
2002,17
2002,9
2002,8
2002,1
2002,2
2002,25
2002,13
2002,9
2002,26
2002,9
2002,8
2002,20
2002,12
2002,13
2002,11
2002,20
2002,14
2002,15
2002,1
2002,20
2002,12
2002,18
2002,12
2002,10
2002,13
2002,12
2002,16
2002,7
2002,8
2002,16
2002,8
2002,10
2002,9
2002,1
2002,7
2002,1
2002,1
2002,11
2002,19
2002,13
2002,19
2002,11
2002,19
2002,18
2002,1
2002,17
2002,15
2002,12
2002,9
2002,11
2002,14
2002,17
2002,3
2002,10
2002,106
2002,16
2002,13
2002,14
2002,15
2002,14
2002,2
2002,16
2002,11
2002,16
2002,10
2002,9
2002,7
2002,24
2002,20
2002,8
2002,1
2002,15
2002,1
2002,14
2002,8
2002,9
2002,13
2002,18
2002,22
2002,1
2002,3
2002,14
2002,17
2002,7
2002,15
2002,12
2002,12
2002,18
2002,19
2002,2
2002,15
2002,13
2002,11
2002,14
2002,22
2002,10
2002,15
2002,14
2002,11
2002,9
2002,13
2002,10
2002,10
2002,20
2002,14
2002,14
2002,11
2002,18
2002,15
2002,22
2002,15
2002,11
2002,17
2002,1
2002,15
2002,12
2002,24
2002,16
2002,18
2002,17
2002,16
2002,11
2002,1
2002,13
2002,2
2002,15
2002,16
2002,13
2002,1
2002,15
2002,1
2002,14
2002,13
2002,11
2002,11
2002,12
2002,11
2002,6
2002,2
2002,25
2002,18
2002,11
2002,14
2002,17
2002,17
2002,6
2002,17
2002,18
2002,9
2002,22
2002,10
2002,13
2002,16
2002,12
2002,2
2002,11
2002,6
2002,20
2002,13
2002,14
2002,16
2002,12
2002,15
2002,19
2002,15
2002,8
2002,9
2002,18
2002,11
2002,10
2002,1
2002,11
2002,12
2002,16
2002,13
2002,9
2002,13
2002,12
2002,15
2002,2
2002,11
2002,13
2002,14
2002,13
2002,8
2002,11
2002,10
2002,14
2002,2
2002,13
2002,9
2002,10
2002,14
2002,18
2002,13
2002,12
2002,11
2002,1
2002,9
2002,13
2003,18
2003,11
2003,13
2003,14
2003,21
2003,3
2003,17
2003,2
2003,17
2003,13
2003,17
2003,16
2003,19
2003,12
2003,1
2003,1
2003,1
2003,22
2003,10
2003,20
2003,11
2003,10
2003,9
2003,18
2003,11
2003,14
2003,17
2003,12
2003,14
2003,15
2003,4
2003,8
2003,10
2003,1
2003,8
2003,1
2003,19
2003,12
2003,20
2003,11
2003,13
2003,9
2003,12
2003,1
2003,13
2003,19
2003,17
2003,21
2003,12
2003,10
2003,25
2003,17
2003,17
2003,1
2003,24
2003,21
2003,6
2003,19
2003,10
2003,23
2003,23
2003,21
2003,13
2003,12
2003,12
2003,12
2003,11
2003,18
2003,12
2003,1
2003,25
2003,19
2003,14
2003,16
2003,7
2003,10
2003,15
2003,15
2003,23
2003,15
2003,12
2003,12
2003,18
2003,15
2003,8
2003,17
2003,16
2003,10
2003,14
2003,10
2003,17
2003,1
2003,13
2003,10
2003,12
2003,18
2003,13
2003,11
2003,16
2003,14
2003,2
2003,15
2003,8
2003,17
2003,14
2003,18
2003,1
2003,13
2003,1
2003,1
2003,13
2003,15
2003,7
2003,23
2003,16
2003,17
2003,20
2003,9
2003,6
2003,1
2003,12
2003,17
2003,14
2003,18
2003,20
2003,11
2003,1
2003,2
2003,19
2003,12
2003,16
2003,17
2003,16
2003,13
2003,13
2003,18
2003,24
2003,19
2003,16
2003,28
2003,16
2003,17
2003,17
2003,1
2003,14
2003,1
2003,16
2003,22
2003,21
2003,20
2003,13
2003,14
2003,11
2003,1
2003,11
2003,18
2003,9
2003,6
2003,12
2003,17
2003,9
2003,18
2003,1
2003,1
2003,17
2003,31
2003,14
2003,9
2003,12
2003,19
2003,12
2003,12
2003,14
2003,19
2003,14
2003,9
2003,15
2003,1
2003,22
2003,11
2003,8
2003,9
2003,21
2003,13
2003,13
2003,10
2003,17
2003,20
2003,12
2003,12
2003,10
2003,16
2003,11
2003,19
2003,1
2003,1
2003,14
2003,15
2003,17
2003,22
2003,25
2003,15
2003,9
2003,1
2003,13
2003,14
2003,19
2003,14
2003,21
2003,18
2003,23
2003,1
2003,19
2003,16
2003,14
2003,16
2003,2
2003,235
2003,10
2003,19
2003,1
2003,20
2003,24
2003,18
2003,13
2003,10
2003,19
2003,1
2003,8
2003,1
2003,12
2003,12
2003,22
2003,25
2003,15
2003,16
2003,11
2003,21
2003,11
2003,14
2003,18
2003,1
2003,1
2003,14
2003,8
2003,16
2003,20
2003,10
2003,15
2003,3
2003,1
2003,15
2003,13
2003,18
2003,16
2003,12
2003,13
2003,18
2003,15
2003,17
2003,19
2003,11
2003,10
2003,19
2003,11
2003,1
2003,19
2003,18
2003,20
2003,7
2003,21
2003,15
2003,19
2003,14
2003,13
2003,1
2003,15
2003,19
2003,21
2003,6
2003,10
2003,8
2003,16
2003,1
2003,19
2003,17
2003,24
2003,11
2003,18
2003,15
2003,14
2003,9
2003,12
2003,18
2004,19
2004,23
2004,20
2004,16
2004,22
2004,2
2004,28
2004,18
2004,12
2004,27
2004,15
2004,11
2004,27
2004,17
2004,1
2004,6
2004,24
2004,9
2004,15
2004,12
2004,13
2004,14
2004,3
2004,4
2004,1
2004,25
2004,21
2004,11
2004,17
2004,22
2004,25
2004,17
2004,11
2004,20
2004,13
2004,20
2004,17
2004,14
2004,22
2004,20
2004,25
2004,19
2004,21
2004,13
2004,24
2004,28
2004,21
2004,21
2004,17
2004,1
2004,25
2004,1
2004,20
2004,17
2004,11
2004,34
2004,18
2004,27
2004,31
2004,17
2004,36
2004,11
2004,19
2004,22
2004,19
2004,21
2004,1
2004,25
2004,14
2004,18
2004,11
2004,15
2004,15
2004,1
2004,23
2004,20
2004,15
2004,16
2004,23
2004,14
2004,1
2004,17
2004,2
2004,1
2004,30
2004,19
2004,16
2004,16
2004,13
2004,19
2004,17
2004,2
2004,26
2004,31
2004,19
2004,24
2004,17
2004,21
2004,23
2004,16
2004,1
2004,1
2004,22
2004,21
2004,23
2004,19
2004,8
2004,15
2004,22
2004,19
2004,17
2004,20
2004,17
2004,16
2004,19
2004,18
2004,19
2004,16
2004,29
2004,14
2004,19
2004,20
2004,9
2004,19
2004,1
2004,20
2004,21
2004,26
2004,28
2004,16
2004,14
2004,22
2004,24
2004,1
2004,31
2004,33
2004,26
2004,24
2004,15
2004,21
2004,17
2004,12
2004,32
2004,19
2004,17
2004,17
2004,18
2004,13
2004,22
2004,10
2004,17
2004,19
2004,14
2004,15
2004,17
2004,16
2004,15
2004,1
2004,15
2004,26
2004,16
2004,10
2004,15
2004,15
2004,13
2004,21
2004,17
2004,24
2004,19
2004,25
2004,15
2004,23
2004,22
2004,15
2004,1
2004,1
2004,19
2004,24
2004,27
2004,13
2004,21
2004,16
2004,22
2004,17
2004,13
2004,5
2004,14
2004,10
2004,24
2004,28
2004,18
2004,21
2004,22
2004,23
2004,13
2004,20
2004,19
2004,23
2004,25
2004,22
2004,26
2004,14
2004,28
2004,2
2004,21
2004,23
2004,16
2004,21
2004,17
2004,19
2004,3
2004,1
2004,38
2004,26
2004,20
2004,19
2004,15
2004,10
2004,7
2004,89
2004,14
2004,1
2004,14
2004,28
2004,19
2004,28
2004,21
2004,21
2004,30
2004,21
2004,14
2004,1
2004,22
2004,21
2004,17
2004,24
2004,15
2004,11
2004,17
2004,3
2004,1
2004,1
2004,30
2004,14
2004,12
2004,23
2004,17
2004,12
2004,13
2004,22
2004,23
2004,16
2004,12
2004,21
2004,14
2004,18
2004,1
2004,17
2004,14
2004,11
2004,27
2004,10
2004,16
2004,19
2004,27
2004,28
2004,23
2004,17
2004,12
2004,24
2004,29
2004,26
2004,1
2004,1
2004,25
2004,15
2004,16
2004,15
2004,15
2004,12
2004,21
2004,23
2004,24
2004,22
2004,33
2004,27
2004,20
2004,15
2005,95
2005,1
2005,1
2005,18
2005,20
2005,19
2005,13
2005,15
2005,21
2005,21
2005,1
2005,21
2005,17
2005,27
2005,21
2005,22
2005,15
2005,18
2005,21
2005,1
2005,22
2005,28
2005,14
2005,27
2005,31
2005,22
2005,27
2005,4
2005,33
2005,34
2005,12
2005,17
2005,22
2005,26
2005,1
2005,24
2005,28
2005,44
2005,32
2005,15
2005,20
2005,17
2005,23
2005,1
2005,27
2005,26
2005,22
2005,16
2005,27
2005,14
2005,19
2005,25
2005,18
2005,26
2005,21
2005,18
2005,13
2005,19
2005,20
2005,1
2005,1
2005,21
2005,36
2005,24
2005,33
2005,23
2005,23
2005,24
2005,32
2005,28
2005,22
2005,23
2005,20
2005,22
2005,1
2005,16
2005,21
2005,26
2005,21
2005,19
2005,24
2005,18
2005,2
2005,1
2005,27
2005,35
2005,22
2005,19
2005,11
2005,18
2005,36
2005,20
2005,26
2005,1
2005,27
2005,27
2005,23
2005,20
2005,25
2005,2
2005,2
2005,38
2005,23
2005,23
2005,26
2005,19
2005,16
2005,13
2005,24
2005,27
2005,19
2005,30
2005,17
2005,18
2005,20
2005,23
2005,2
2005,34
2005,34
2005,29
2005,23
2005,23
2005,27
2005,26
2005,1
2005,29
2005,3
2005,24
2005,26
2005,25
2005,23
2005,18
2005,19
2005,2
2005,25
2005,2
2005,31
2005,36
2005,25
2005,37
2005,18
2005,18
2005,18
2005,19
2005,19
2005,17
2005,20
2005,21
2005,18
2005,16
2005,1
2005,23
2005,17
2005,27
2005,24
2005,21
2005,20
2005,15
2005,21
2005,29
2005,21
2005,21
2005,17
2005,21
2005,23
2005,23
2005,1
2005,1
2005,32
2005,30
2005,23
2005,26
2005,24
2005,12
2005,10
2005,15
2005,10
2005,1
2005,1
2005,31
2005,30
2005,16
2005,19
2005,29
2005,23
2005,1
2005,21
2005,36
2005,26
2005,18
2005,26
2005,14
2005,23
2005,35
2005,29
2005,1
2005,1
2005,23
2005,35
2005,19
2005,32
2005,22
2005,25
2005,18
2005,23
2005,21
2005,24
2005,28
2005,32
2005,19
2005,22
2005,30
2005,31
2005,1
2005,1
2005,28
2005,17
2005,19
2005,18
2005,17
2005,18
2005,29
2005,28
2005,20
2005,17
2005,23
2005,12
2005,17
2005,27
2005,15
2005,21
2005,18
2005,22
2005,12
2005,22
2005,20
2005,18
2005,30
2005,2
2005,37
2005,36
2005,18
2005,18
2005,29
2005,14
2005,36
2005,26
2005,1
2005,21
2005,1
2005,26
2005,31
2005,25
2005,23
2005,16
2005,1
2005,30
2005,23
2005,17
2005,33
2005,18
2005,19
2005,17
2005,19
2005,18
2005,1
2005,24
2005,27
2005,17
2005,31
2005,19
2005,37
2005,4
2005,22
2005,1
2005,33
2005,16
2005,26
2005,21
2005,17
2005,24
2005,25
2005,23
2005,27
2005,2
2005,21
2005,34
2005,31
2005,17
2005,23
2005,27
2005,2
2005,2
2006,1
2006,29
2006,22
2006,23
2006,29
2006,30
2006,28
2006,21
2006,34
2006,20
2006,26
2006,30
2006,17
2006,1
2006,20
2006,27
2006,37
2006,27
2006,34
2006,18
2006,19
2006,22
2006,18
2006,29
2006,28
2006,22
2006,27
2006,22
2006,37
2006,2
2006,16
2006,1
2006,34
2006,2
2006,41
2006,35
2006,43
2006,19
2006,25
2006,23
2006,23
2006,14
2006,1
2006,26
2006,1
2006,19
2006,25
2006,21
2006,40
2006,29
2006,23
2006,33
2006,1
2006,36
2006,40
2006,32
2006,29
2006,23
2006,33
2006,32
2006,32
2006,1
2006,44
2006,30
2006,38
2006,41
2006,32
2006,39
2006,1
2006,1
2006,39
2006,39
2006,23
2006,13
2006,31
2006,39
2006,1
2006,35
2006,30
2006,27
2006,35
2006,27
2006,19
2006,23
2006,38
2006,34
2006,31
2006,26
2006,25
2006,23
2006,21
2006,28
2006,48
2006,21
2006,30
2006,20
2006,23
2006,16
2006,19
2006,26
2006,39
2006,30
2006,25
2006,22
2006,23
2006,28
2006,6
2006,32
2006,24
2006,36
2006,28
2006,27
2006,29
2006,23
2006,1
2006,28
2006,46
2006,30
2006,25
2006,21
2006,31
2006,29
2006,29
2006,42
2006,37
2006,25
2006,19
2006,32
2006,27
2006,28
2006,33
2006,1
2006,38
2006,37
2006,27
2006,35
2006,32
2006,35
2006,1
2006,17
2006,2
2006,67
2006,23
2006,38
2006,30
2006,24
2006,27
2006,33
2006,1
2006,37
2006,25
2006,29
2006,25
2006,36
2006,29
2006,27
2006,30
2006,32
2006,16
2006,22
2006,21
2006,38
2006,24
2006,20
2006,18
2006,28
2006,1
2006,1
2006,25
2006,39
2006,16
2006,34
2006,18
2006,13
2006,20
2006,21
2006,2
2006,11
2006,1
2006,34
2006,33
2006,22
2006,41
2006,24
2006,25
2006,1
2006,27
2006,40
2006,24
2006,22
2006,18
2006,26
2006,25
2006,24
2006,30
2006,35
2006,1
2006,30
2006,24
2006,36
2006,38
2006,30
2006,25
2006,1
2006,32
2006,39
2006,36
2006,44
2006,43
2006,31
2006,25
2006,31
2006,40
2006,36
2006,2
2006,49
2006,1
2006,35
2006,1
2006,15
2006,31
2006,20
2006,27
2006,1
2006,25
2006,21
2006,18
2006,23
2006,27
2006,21
2006,26
2006,19
2006,28
2006,22
2006,30
2006,28
2006,22
2006,16
2006,8
2006,1
2006,1
2006,19
2006,10
2006,35
2006,22
2006,20
2006,22
2006,29
2006,1
2006,30
2006,20
2006,34
2006,26
2006,25
2006,34
2006,23
2006,23
2006,1
2006,42
2006,38
2006,26
2006,13
2006,35
2006,22
2006,18
2006,28
2006,1
2006,21
2006,35
2006,28
2006,23
2006,30
2006,27
2006,6
2006,41
2006,1
2006,33
2006,36
2006,35
2006,24
2006,23
2006,28
2006,54
2006,29
2006,44
2006,39
2006,31
2006,28
2006,38
2006,24
2006,21
2007,46
2007,37
2007,30
2007,29
2007,29
2007,39
2007,39
2007,41
2007,1
2007,25
2007,38
2007,37
2007,32
2007,41
2007,24
2007,43
2007,1
2007,1
2007,4
2007,37
2007,29
2007,20
2007,32
2007,24
2007,37
2007,38
2007,35
2007,1
2007,2
2007,43
2007,45
2007,27
2007,38
2007,31
2007,31
2007,21
2007,1
2007,35
2007,53
2007,49
2007,35
2007,24
2007,40
2007,24
2007,44
2007,33
2007,28
2007,31
2007,29
2007,41
2007,29
2007,35
2007,8
2007,26
2007,1
2007,43
2007,46
2007,53
2007,32
2007,24
2007,27
2007,37
2007,35
2007,1
2007,1
2007,42
2007,34
2007,41
2007,50
2007,31
2007,22
2007,38
2007,41
2007,41
2007,11
2007,1
2007,13
2007,37
2007,1
2007,34
2007,2
2007,1
2007,42
2007,43
2007,28
2007,32
2007,42
2007,43
2007,35
2007,38
2007,37
2007,1
2007,38
2007,33
2007,31
2007,43
2007,35
2007,24
2007,1
2007,46
2007,1
2007,36
2007,45
2007,22
2007,32
2007,42
2007,30
2007,28
2007,34
2007,1
2007,37
2007,2
2007,40
2007,30
2007,37
2007,41
2007,35
2007,30
2007,26
2007,1
2007,40
2007,42
2007,30
2007,31
2007,34
2007,25
2007,16
2007,20
2007,30
2007,40
2007,41
2007,31
2007,30
2007,35
2007,1
2007,48
2007,33
2007,28
2007,34
2007,24
2007,31
2007,22
2007,28
2007,3
2007,29
2007,1
2007,38
2007,41
2007,37
2007,34
2007,27
2007,31
2007,1
2007,13
2007,76
2007,39
2007,37
2007,35
2007,26
2007,35
2007,37
2007,27
2007,1
2007,1
2007,33
2007,39
2007,27
2007,45
2007,25
2007,40
2007,28
2007,30
2007,1
2007,37
2007,1
2007,24
2007,33
2007,29
2007,32
2007,34
2007,35
2007,39
2007,58
2007,24
2007,27
2007,37
2007,26
2007,36
2007,1
2007,29
2007,9
2007,33
2007,49
2007,30
2007,23
2007,38
2007,32
2007,1
2007,40
2007,37
2007,36
2007,31
2007,35
2007,16
2007,19
2007,36
2007,22
2007,2
2007,29
2007,44
2007,41
2007,28
2007,44
2007,46
2007,37
2007,31
2007,47
2007,44
2007,26
2007,28
2007,33
2007,32
2007,4
2007,1
2007,45
2007,44
2007,37
2007,29
2007,40
2007,35
2007,1
2007,37
2007,53
2007,30
2007,35
2007,29
2007,25
2007,36
2007,1
2007,44
2007,38
2007,32
2007,37
2007,18
2007,35
2007,45
2007,22
2007,1
2007,32
2007,37
2007,25
2007,38
2007,40
2007,39
2007,1
2007,2
2007,1
2007,36
2007,23
2007,31
2007,24
2007,35
2007,26
2007,29
2007,38
2007,1
2007,48
2007,44
2007,38
2007,35
2007,32
2007,27
2007,1
2007,34
2007,36
2007,37
2007,26
2007,32
2007,40
2007,33
2007,24
2007,44
2007,33
2007,27
2007,32
2007,46
2007,29
2007,2
2007,35
2007,44
2007,1
2007,38
2007,32
2007,46
2007,33
2007,21
2007,37
2007,27
2007,17
2008,1
2008,40
2008,48
2008,45
2008,45
2008,41
2008,31
2008,1
2008,1
2008,36
2008,2
2008,22
2008,45
2008,25
2008,33
2008,36
2008,31
2008,32
2008,2
2008,2
2008,36
2008,42
2008,32
2008,38
2008,30
2008,1
2008,29
2008,25
2008,41
2008,33
2008,1
2008,27
2008,38
2008,36
2008,36
2008,29
2008,1
2008,37
2008,1
2008,36
2008,39
2008,46
2008,33
2008,50
2008,31
2008,1
2008,33
2008,2
2008,1
2008,30
2008,52
2008,32
2008,43
2008,34
2008,29
2008,30
2008,35
2008,40
2008,1
2008,2
2008,33
2008,38
2008,36
2008,39
2008,30
2008,45
2008,1
2008,33
2008,6
2008,42
2008,47
2008,50
2008,39
2008,40
2008,25
2008,31
2008,47
2008,41
2008,29
2008,29
2008,72
2008,24
2008,38
2008,26
2008,41
2008,45
2008,36
2008,40
2008,27
2008,43
2008,40
2008,40
2008,31
2008,1
2008,39
2008,58
2008,43
2008,30
2008,34
2008,31
2008,36
2008,22
2008,1
2008,36
2008,35
2008,30
2008,30
2008,27
2008,34
2008,36
2008,1
2008,6
2008,37
2008,31
2008,39
2008,36
2008,36
2008,43
2008,32
2008,23
2008,1
2008,40
2008,48
2008,41
2008,42
2008,32
2008,37
2008,24
2008,1
2008,30
2008,65
2008,39
2008,37
2008,36
2008,39
2008,25
2008,29
2008,2
2008,2
2008,1
2008,32
2008,37
2008,38
2008,39
2008,31
2008,38
2008,22
2008,45
2008,48
2008,40
2008,30
2008,20
2008,36
2008,35
2008,39
2008,1
2008,2
2008,52
2008,38
2008,32
2008,44
2008,32
2008,40
2008,36
2008,1
2008,41
2008,1
2008,44
2008,1
2008,34
2008,40
2008,40
2008,27
2008,37
2008,23
2008,1
2008,1
2008,44
2008,49
2008,35
2008,36
2008,28
2008,32
2008,46
2008,22
2008,1
2008,40
2008,1
2008,38
2008,32
2008,38
2008,25
2008,25
2008,32
2008,33
2008,26
2008,34
2008,31
2008,36
2008,35
2008,31
2008,33
2008,47
2008,48
2008,40
2008,30
2008,32
2008,47
2008,1
2008,1
2008,32
2008,1
2008,41
2008,44
2008,38
2008,35
2008,38
2008,33
2008,32
2008,1
2008,35
2008,2
2008,40
2008,47
2008,37
2008,38
2008,33
2008,36
2008,2
2008,51
2008,2
2008,44
2008,40
2008,13
2008,17
2008,42
2008,38
2008,43
2008,1
2008,37
2008,54
2008,35
2008,44
2008,28
2008,40
2008,39
2008,5
2008,35
2008,1
2008,34
2008,39
2008,50
2008,38
2008,35
2008,33
2008,1
2008,39
2008,38
2008,38
2008,32
2008,31
2008,32
2008,42
2008,50
2008,1
2008,34
2008,55
2008,36
2008,31
2008,36
2008,32
2008,38
2008,51
2008,27
2008,28
2008,25
2008,35
2008,40
2008,32
2008,2
2008,1
2008,29
2008,47
2008,41
2008,54
2008,37
2008,44
2008,32
2008,48
2008,1
2008,45
2008,24
2008,21
2008,34
2008,31
2008,41
2008,38
2008,33
2008,1
2008,1
2008,41
2008,44
2008,29
2008,43
2008,38
2008,24
2008,33
2009,53
2009,55
2009,53
2009,30
2009,49
2009,42
2009,4
2009,1
2009,42
2009,44
2009,48
2009,53
2009,48
2009,43
2009,33
2009,33
2009,47
2009,49
2009,39
2009,45
2009,47
2009,30
2009,41
2009,35
2009,1
2009,50
2009,2
2009,44
2009,33
2009,37
2009,41
2009,38
2009,1
2009,1
2009,48
2009,37
2009,40
2009,41
2009,37
2009,31
2009,31
2009,2
2009,44
2009,1
2009,43
2009,44
2009,42
2009,38
2009,30
2009,40
2009,38
2009,1
2009,41
2009,49
2009,43
2009,39
2009,42
2009,37
2009,43
2009,27
2009,2
2009,1
2009,1
2009,44
2009,31
2009,37
2009,37
2009,41
2009,42
2009,28
2009,2
2009,49
2009,46
2009,2
2009,28
2009,33
2009,22
2009,25
2009,44
2009,45
2009,47
2009,1
2009,31
2009,8
2009,49
2009,41
2009,43
2009,35
2009,37
2009,1
2009,2
2009,46
2009,37
2009,34
2009,57
2009,42
2009,46
2009,38
2009,1
2009,33
2009,39
2009,50
2009,29
2009,37
2009,45
2009,36
2009,1
2009,44
2009,3
2009,42
2009,54
2009,37
2009,41
2009,49
2009,37
2009,29
2009,41
2009,36
2009,38
2009,44
2009,34
2009,57
2009,37
2009,22
2009,2
2009,39
2009,1
2009,1
2009,42
2009,35
2009,38
2009,30
2009,50
2009,47
2009,40
2009,43
2009,1
2009,49
2009,38
2009,29
2009,45
2009,40
2009,3
2009,43
2009,50
2009,45
2009,65
2009,44
2009,43
2009,49
2009,51
2009,46
2009,56
2009,36
2009,38
2009,44
2009,34
2009,49
2009,43
2009,46
2009,51
2009,27
2009,35
2009,42
2009,41
2009,1
2009,46
2009,1
2009,35
2009,33
2009,31
2009,42
2009,33
2009,43
2009,44
2009,40
2009,45
2009,35
2009,35
2009,43
2009,35
2009,35
2009,49
2009,1
2009,55
2009,43
2009,40
2009,42
2009,40
2009,42
2009,37
2009,26
2009,1
2009,2
2009,35
2009,31
2009,49
2009,34
2009,43
2009,37
2009,30
2009,41
2009,39
2009,1
2009,36
2009,65
2009,51
2009,44
2009,39
2009,52
2009,3
2009,5
2009,55
2009,37
2009,39
2009,47
2009,37
2009,42
2009,41
2009,32
2009,2
2009,40
2009,38
2009,31
2009,60
2009,38
2009,2
2009,46
2009,1
2009,1
2009,36
2009,38
2009,37
2009,53
2009,50
2009,40
2009,29
2009,38
2009,42
2009,5
2009,40
2009,2
2009,34
2009,43
2009,59
2009,46
2009,35
2009,1
2009,33
2009,1
2009,48
2009,53
2009,32
2009,43
2009,47
2009,40
2009,37
2009,2
2009,41
2009,1
2009,45
2009,41
2009,49
2009,42
2009,34
2009,28
2009,1
2009,40
2009,39
2009,56
2009,52
2009,37
2009,29
2009,38
2009,31
2009,51
2009,52
2009,1
2009,29
2009,39
2009,37
2009,49
2009,2
2009,38
2009,46
2009,1
2009,43
2009,41
2009,44
2009,48
2009,31
2009,30
2009,37
2009,44
2009,34
2009,35
2009,43
2009,3
2009,50
2009,46
2009,57
2009,47
2009,20
2010,1
2010,40
2010,43
2010,50
2010,62
2010,38
2010,46
2010,41
2010,31
2010,2
2010,48
2010,1
2010,55
2010,67
2010,52
2010,54
2010,38
2010,46
2010,1
2010,1
2010,45
2010,1
2010,53
2010,46
2010,49
2010,38
2010,41
2010,45
2010,50
2010,37
2010,51
2010,32
2010,56
2010,36
2010,38
2010,2
2010,39
2010,3
2010,43
2010,59
2010,52
2010,43
2010,44
2010,42
2010,44
2010,34
2010,46
2010,46
2010,5
2010,1
2010,50
2010,48
2010,29
2010,48
2010,47
2010,2
2010,44
2010,62
2010,41
2010,31
2010,39
2010,39
2010,32
2010,44
2010,36
2010,2
2010,51
2010,2
2010,59
2010,52
2010,51
2010,51
2010,36
2010,29
2010,2
2010,1
2010,43
2010,39
2010,28
2010,23
2010,23
2010,25
2010,46
2010,1
2010,53
2010,1
2010,58
2010,71
2010,53
2010,43
2010,54
2010,41
2010,60
2010,2
2010,2
2010,57
2010,57
2010,48
2010,46
2010,40
2010,1
2010,58
2010,1
2010,1
2010,56
2010,1
2010,54
2010,44
2010,50
2010,48
2010,46
2010,52
2010,1
2010,1
2010,1
2010,54
2010,51
2010,61
2010,39
2010,48
2010,35
2010,45
2010,47
2010,1
2010,48
2010,51
2010,33
2010,49
2010,49
2010,24
2010,49
2010,2
2010,53
2010,56
2010,53
2010,40
2010,52
2010,38
2010,38
2010,2
2010,45
2010,60
2010,37
2010,51
2010,58
2010,40
2010,52
2010,57
2010,2
2010,59
2010,38
2010,38
2010,32
2010,32
2010,29
2010,25
2010,12
2010,68
2010,1
2010,57
2010,65
2010,50
2010,43
2010,51
2010,3
2010,43
2010,2
2010,46
2010,1
2010,52
2010,44
2010,46
2010,48
2010,50
2010,56
2010,46
2010,58
2010,44
2010,49
2010,50
2010,43
2010,57
2010,47
2010,35
2010,3
2010,1
2010,56
2010,50
2010,44
2010,27
2010,35
2010,47
2010,36
2010,36
2010,49
2010,1
2010,30
2010,2
2010,61
2010,48
2010,34
2010,35
2010,37
2010,1
2010,39
2010,47
2010,31
2010,41
2010,37
2010,51
2010,42
2010,32
2010,53
2010,1
2010,49
2010,46
2010,57
2010,36
2010,37
2010,1
2010,44
2010,3
2010,2
2010,53
2010,70
2010,50
2010,64
2010,45
2010,40
2010,36
2010,46
2010,2
2010,38
2010,2
2010,1
2010,43
2010,34
2010,56
2010,37
2010,2
2010,65
2010,56
2010,49
2010,47
2010,37
2010,52
2010,36
2010,40
2010,1
2010,41
2010,59
2010,46
2010,47
2010,47
2010,47
2010,40
2010,51
2010,3
2010,45
2010,59
2010,51
2010,45
2010,44
2010,47
2010,43
2010,1
2010,53
2010,44
2010,45
2010,42
2010,52
2010,45
2010,1
2010,1
2010,40
2010,41
2010,53
2010,56
2010,33
2010,42
2010,32
2010,43
2010,41
2010,54
2010,52
2010,54
2010,45
2010,48
2010,40
2010,39
2010,35
2010,1
2010,2
2010,55
2010,51
2010,43
2010,34
2010,40
2010,61
2010,51
2010,4
2010,1
2010,1
2010,2
2010,51
2010,56
2010,50
2010,41
2010,32
2010,38
2010,33
2010,23
2011,52
2011,2
2011,60
2011,55
2011,54
2011,40
2011,49
2011,51
2011,56
2011,3
2011,2
2011,55
2011,46
2011,59
2011,37
2011,41
2011,45
2011,52
2011,35
2011,39
2011,1
2011,42
2011,55
2011,39
2011,52
2011,56
2011,60
2011,1
2011,1
2011,59
2011,49
2011,45
2011,41
2011,32
2011,55
2011,32
2011,3
2011,1
2011,43
2011,49
2011,49
2011,35
2011,33
2011,51
2011,36
2011,47
2011,3
2011,52
2011,48
2011,52
2011,44
2011,46
2011,58
2011,40
2011,48
2011,1
2011,3
2011,1
2011,1
2011,52
2011,53
2011,44
2011,57
2011,46
2011,47
2011,40
2011,3
2011,1
2011,45
2011,1
2011,46
2011,59
2011,56
2011,51
2011,57
2011,47
2011,48
2011,50
2011,58
2011,47
2011,44
2011,4
2011,62
2011,1
2011,67
2011,70
2011,40
2011,47
2011,40
2011,54
2011,45
2011,42
2011,54
2011,45
2011,40
2011,47
2011,37
2011,1
2011,40
2011,1
2011,43
2011,60
2011,71
2011,53
2011,45
2011,46
2011,1
2011,34
2011,1
2011,56
2011,1
2011,40
2011,56
2011,42
2011,48
2011,36
2011,1
2011,41
2011,1
2011,3
2011,39
2011,1
2011,31
2011,48
2011,43
2011,42
2011,45
2011,47
2011,38
2011,24
2011,1
2011,41
2011,41
2011,43
2011,52
2011,44
2011,49
2011,2
2011,1
2011,56
2011,2
2011,50
2011,51
2011,53
2011,58
2011,52
2011,45
2011,40
2011,48
2011,1
2011,46
2011,57
2011,49
2011,39
2011,46
2011,27
2011,1
2011,1
2011,59
2011,47
2011,59
2011,54
2011,48
2011,55
2011,58
2011,1
2011,64
2011,2
2011,57
2011,61
2011,35
2011,59
2011,47
2011,44
2011,3
2011,1
2011,2
2011,47
2011,52
2011,49
2011,55
2011,39
2011,53
2011,48
2011,48
2011,1
2011,1
2011,47
2011,66
2011,42
2011,49
2011,48
2011,52
2011,1
2011,40
2011,3
2011,1
2011,30
2011,36
2011,55
2011,41
2011,52
2011,37
2011,33
2011,2
2011,50
2011,53
2011,44
2011,46
2011,87
2011,49
2011,41
2011,54
2011,1
2011,65
2011,69
2011,49
2011,39
2011,49
2011,65
2011,38
2011,43
2011,3
2011,1
2011,47
2011,55
2011,52
2011,39
2011,40
2011,43
2011,59
2011,43
2011,1
2011,65
2011,1
2011,32
2011,50
2011,48
2011,43
2011,37
2011,56
2011,1
2011,3
2011,58
2011,2
2011,70
2011,48
2011,53
2011,43
2011,42
2011,1
2011,43
2011,6
2011,56
2011,49
2011,43
2011,50
2011,40
2011,49
2011,41
2011,58
2011,57
2011,55
2011,4
2011,41
2011,62
2011,41
2011,48
2011,57
2011,61
2011,54
2011,46
2011,60
2011,59
2011,37
2011,60
2011,40
2011,1
2011,36
2011,1
2011,32
2011,49
2011,47
2011,41
2011,47
2011,56
2011,1
2011,59
2011,53
2011,43
2011,52
2011,51
2011,43
2011,33
2011,1
2011,40
2011,1
2011,1
2011,46
2011,42
2011,42
2011,41
2011,40
2011,56
2011,36
2011,1
2011,50
2011,3
2011,76
2011,38
2011,37
2011,45
2011,42
2011,44
2011,31
2011,33
2012,43
2012,59
2012,2
2012,76
2012,98
2012,50
2012,34
2012,1
2012,46
2012,1
2012,2
2012,48
2012,52
2012,49
2012,67
2012,42
2012,48
2012,62
2012,49
2012,50
2012,1
2012,41
2012,61
2012,63
2012,68
2012,49
2012,60
2012,4
2012,62
2012,2
2012,48
2012,64
2012,48
2012,48
2012,66
2012,68
2012,50
2012,44
2012,1
2012,3
2012,62
2012,54
2012,58
2012,63
2012,47
2012,44
2012,2
2012,60
2012,1
2012,49
2012,60
2012,56
2012,49
2012,68
2012,55
2012,61
2012,48
2012,3
2012,1
2012,69
2012,1
2012,57
2012,72
2012,57
2012,61
2012,1
2012,62
2012,1
2012,1
2012,78
2012,62
2012,65
2012,79
2012,54
2012,52
2012,52
2012,60
2012,64
2012,2
2012,46
2012,63
2012,80
2012,2
2012,1
2012,61
2012,54
2012,60
2012,41
2012,48
2012,40
2012,53
2012,70
2012,2
2012,56
2012,60
2012,46
2012,49
2012,45
2012,37
2012,1
2012,1
2012,58
2012,1
2012,1
2012,69
2012,1
2012,64
2012,48
2012,52
2012,49
2012,44
2012,43
2012,1
2012,2
2012,1
2012,81
2012,59
2012,51
2012,52
2012,67
2012,47
2012,54
2012,1
2012,2
2012,61
2012,1
2012,42
2012,66
2012,55
2012,51
2012,52
2012,43
2012,43
2012,1
2012,5
2012,2
2012,59
2012,66
2012,65
2012,52
2012,52
2012,51
2012,51
2012,54
2012,45
2012,2
2012,1
2012,61
2012,59
2012,58
2012,35
2012,59
2012,56
2012,2
2012,60
2012,1
2012,1
2012,66
2012,65
2012,70
2012,63
2012,62
2012,63
2012,41
2012,31
2012,2
2012,2
2012,1
2012,102
2012,72
2012,101
2012,59
2012,65
2012,59
2012,48
2012,35
2012,56
2012,48
2012,1
2012,54
2012,1
2012,48
2012,46
2012,44
2012,56
2012,60
2012,89
2012,3
2012,1
2012,44
2012,48
2012,53
2012,54
2012,47
2012,61
2012,45
2012,49
2012,50
2012,64
2012,41
2012,1
2012,50
2012,46
2012,1
2012,1
2012,66
2012,50
2012,60
2012,44
2012,47
2012,47
2012,49
2012,44
2012,42
2012,1
2012,62
2012,66
2012,60
2012,46
2012,55
2012,60
2012,4
2012,58
2012,64
2012,53
2012,76
2012,54
2012,43
2012,47
2012,45
2012,62
2012,45
2012,70
2012,1
2012,79
2012,45
2012,58
2012,51
2012,4
2012,64
2012,1
2012,53
2012,23
2012,33
2012,62
2012,51
2012,53
2012,61
2012,127
2012,66
2012,1
2012,68
2012,55
2012,64
2012,52
2012,58
2012,71
2012,2
2012,55
2012,1
2012,1
2012,51
2012,56
2012,50
2012,38
2012,54
2012,52
2012,57
2012,2
2012,65
2012,66
2012,59
2012,48
2012,62
2012,60
2012,43
2012,52
2012,57
2012,71
2012,51
2012,41
2012,49
2012,46
2012,65
2012,3
2012,51
2012,60
2012,68
2012,54
2012,42
2012,42
2012,52
2012,47
2012,1
2012,77
2012,64
2012,55
2012,57
2012,57
2012,49
2012,2
2012,3
2012,60
2012,76
2012,67
2012,100
2012,51
2012,78
2012,49
2012,55
2012,4
2012,1
2012,1
2012,60
2012,68
2012,58
2012,63
2012,44
2012,72
2012,47
2013,68
2013,2
2013,86
2013,63
2013,59
2013,45
2013,61
2013,62
2013,66
2013,1
2013,1
2013,69
2013,55
2013,55
2013,62
2013,73
2013,58
2013,4
2013,62
2013,44
2013,51
2013,58
2013,57
2013,64
2013,40
2013,1
2013,68
2013,60
2013,55
2013,53
2013,69
2013,45
2013,58
2013,50
2013,61
2013,59
2013,62
2013,52
2013,61
2013,57
2013,50
2013,47
2013,53
2013,59
2013,73
2013,61
2013,69
2013,38
2013,2
2013,1
2013,82
2013,61
2013,57
2013,73
2013,52
2013,59
2013,57
2013,48
2013,2
2013,56
2013,56
2013,57
2013,62
2013,78
2013,63
2013,60
2013,56
2013,1
2013,2
2013,56
2013,23
2013,49
2013,64
2013,66
2013,66
2013,1
2013,50
2013,73
2013,74
2013,56
2013,59
2013,65
2013,67
2013,2
2013,71
2013,3
2013,64
2013,47
2013,54
2013,42
2013,60
2013,57
2013,53
2013,63
2013,1
2013,38
2013,55
2013,61
2013,61
2013,58
2013,2
2013,59
2013,50
2013,3
2013,60
2013,59
2013,61
2013,75
2013,52
2013,51
2013,63
2013,65
2013,60
2013,56
2013,42
2013,1
2013,60
2013,45
2013,43
2013,58
2013,76
2013,2
2013,75
2013,64
2013,60
2013,62
2013,51
2013,73
2013,58
2013,50
2013,56
2013,1
2013,50
2013,57
2013,69
2013,61
2013,59
2013,75
2013,1
2013,2
2013,79
2013,4
2013,72
2013,52
2013,75
2013,68
2013,49
2013,1
2013,30
2013,2
2013,5
2013,74
2013,57
2013,55
2013,61
2013,68
2013,69
2013,67
2013,54
2013,1
2013,1
2013,66
2013,63
2013,63
2013,69
2013,59
2013,50
2013,66
2013,47
2013,1
2013,1
2013,72
2013,53
2013,52
2013,69
2013,64
2013,48
2013,55
2013,70
2013,4
2013,1
2013,75
2013,1
2013,57
2013,49
2013,54
2013,51
2013,47
2013,3
2013,1
2013,58
2013,54
2013,65
2013,59
2013,70
2013,66
2013,55
2013,42
2013,69
2013,61
2013,55
2013,72
2013,72
2013,42
2013,63
2013,1
2013,56
2013,1
2013,72
2013,76
2013,67
2013,63
2013,67
2013,67
2013,60
2013,1
2013,1
2013,73
2013,56
2013,60
2013,68
2013,62
2013,58
2013,69
2013,1
2013,1
2013,73
2013,2
2013,51
2013,42
2013,63
2013,70
2013,75
2013,63
2013,64
2013,61
2013,66
2013,44
2013,55
2013,56
2013,65
2013,48
2013,59
2013,57
2013,44
2013,1
2013,60
2013,45
2013,79
2013,58
2013,80
2013,67
2013,1
2013,2
2013,57
2013,2
2013,71
2013,1
2013,57
2013,59
2013,63
2013,43
2013,62
2013,40
2013,53
2013,1
2013,56
2013,69
2013,63
2013,61
2013,1
2013,52
2013,66
2013,66
2013,80
2013,68
2013,53
2013,63
2013,48
2013,64
2013,35
2013,1
2013,1
2013,60
2013,58
2013,56
2013,65
2013,63
2013,1
2013,61
2013,3
2013,86
2013,2
2013,69
2013,53
2013,41
2013,64
2013,75
2013,46
2013,53
2013,65
2013,1
2013,55
2013,2
2013,2
2013,62
2013,59
2013,74
2013,72
2013,78
2013,1
2014,2
2014,79
2014,2
2014,92
2014,71
2014,67
2014,60
2014,66
2014,57
2014,54
2014,55
2014,64
2014,2
2014,65
2014,59
2014,62
2014,59
2014,4
2014,68
2014,2
2014,55
2014,66
2014,66
2014,72
2014,69
2014,55
2014,58
2014,1
2014,59
2014,62
2014,50
2014,60
2014,73
2014,67
2014,50
2014,2
2014,3
2014,71
2014,59
2014,46
2014,74
2014,65
2014,52
2014,56
2014,49
2014,2
2014,51
2014,55
2014,59
2014,71
2014,81
2014,63
2014,80
2014,2
2014,1
2014,52
2014,1
2014,60
2014,74
2014,45
2014,77
2014,70
2014,51
2014,66
2014,51
2014,76
2014,1
2014,61
2014,59
2014,75
2014,93
2014,1
2014,71
2014,1
2014,1
2014,46
2014,50
2014,32
2014,49
2014,49
2014,62
2014,78
2014,57
2014,3
2014,4
2014,2
2014,73
2014,72
2014,72
2014,61
2014,58
2014,48
2014,51
2014,66
2014,2
2014,1
2014,69
2014,75
2014,53
2014,51
2014,51
2014,51
2014,1
2014,59
2014,1
2014,70
2014,56
2014,68
2014,81
2014,61
2014,78
2014,76
2014,53
2014,1
2014,6
2014,56
2014,82
2014,52
2014,82
2014,47
2014,67
2014,53
2014,52
2014,2
2014,1
2014,63
2014,60
2014,68
2014,37
2014,59
2014,43
2014,61
2014,50
2014,1
2014,58
2014,80
2014,74
2014,64
2014,68
2014,60
2014,67
2014,1
2014,78
2014,1
2014,53
2014,61
2014,60
2014,62
2014,72
2014,69
2014,3
2014,1
2014,60
2014,72
2014,47
2014,83
2014,55
2014,73
2014,62
2014,52
2014,1
2014,1
2014,68
2014,1
2014,80
2014,63
2014,58
2014,59
2014,73
2014,68
2014,2
2014,66
2014,3
2014,72
2014,70
2014,79
2014,56
2014,65
2014,52
2014,74
2014,53
2014,55
2014,1
2014,66
2014,58
2014,61
2014,61
2014,78
2014,1
2014,66
2014,6
2014,59
2014,50
2014,58
2014,59
2014,71
2014,54
2014,50
2014,52
2014,62
2014,72
2014,67
2014,81
2014,56
2014,40
2014,1
2014,1
2014,65
2014,2
2014,75
2014,71
2014,71
2014,56
2014,53
2014,54
2014,63
2014,66
2014,65
2014,78
2014,63
2014,60
2014,76
2014,3
2014,50
2014,70
2014,4
2014,71
2014,76
2014,51
2014,68
2014,67
2014,57
2014,67
2014,67
2014,1
2014,59
2014,52
2014,92
2014,78
2014,78
2014,65
2014,59
2014,73
2014,68
2014,69
2014,64
2014,57
2014,75
2014,60
2014,7
2014,1
2014,46
2014,62
2014,73
2014,75
2014,47
2014,66
2014,69
2014,52
2014,1
2014,3
2014,1
2014,1
2014,1
2014,70
2014,67
2014,63
2014,45
2014,72
2014,61
2014,1
2014,52
2014,1
2014,57
2014,73
2014,70
2014,52
2014,65
2014,48
2014,69
2014,2
2014,2
2014,1
2014,2
2014,64
2014,52
2014,49
2014,75
2014,68
2014,70
2014,66
2014,70
2014,54
2014,68
2014,49
2014,48
2014,46
2014,67
2014,78
2014,59
2014,1
2014,66
2014,62
2014,54
2014,70
2014,68
2014,81
2014,75
2014,65
2014,80
2014,79
2014,64
2014,55
2014,30
2014,1
2015,59
2015,2
2015,86
2015,95
2015,62
2015,81
2015,61
2015,61
2015,91
2015,94
2015,1
2015,2
2015,1
2015,85
2015,94
2015,71
2015,74
2015,60
2015,71
2015,67
2015,1
2015,1
2015,3
2015,85
2015,93
2015,54
2015,77
2015,56
2015,75
2015,68
2015,65
2015,73
2015,54
2015,70
2015,63
2015,50
2015,2
2015,74
2015,1
2015,68
2015,93
2015,67
2015,66
2015,66
2015,57
2015,4
2015,3
2015,53
2015,52
2015,1
2015,67
2015,79
2015,77
2015,55
2015,67
2015,74
2015,81
2015,68
2015,87
2015,76
2015,87
2015,70
2015,73
2015,2
2015,87
2015,86
2015,81
2015,71
2015,84
2015,70
2015,78
2015,5
2015,1
2015,61
2015,49
2015,93
2015,62
2015,66
2015,3
2015,58
2015,3
2015,68
2015,77
2015,68
2015,70
2015,71
2015,61
2015,92
2015,71
2015,1
2015,94
2015,95
2015,86
2015,48
2015,65
2015,68
2015,64
2015,1
2015,2
2015,73
2015,1
2015,2
2015,65
2015,66
2015,79
2015,59
2015,66
2015,61
2015,1
2015,53
2015,2
2015,1
2015,70
2015,76
2015,55
2015,65
2015,67
2015,69
2015,1
2015,68
2015,72
2015,1
2015,69
2015,69
2015,85
2015,68
2015,56
2015,72
2015,54
2015,71
2015,1
2015,81
2015,80
2015,71
2015,68
2015,60
2015,2
2015,94
2015,1
2015,1
2015,78
2015,76
2015,69
2015,75
2015,72
2015,67
2015,63
2015,63
2015,56
2015,1
2015,70
2015,90
2015,74
2015,77
2015,29
2015,35
2015,48
2015,49
2015,1
2015,1
2015,77
2015,67
2015,65
2015,69
2015,72
2015,67
2015,1
2015,64
2015,2
2015,1
2015,86
2015,90
2015,89
2015,63
2015,67
2015,84
2015,66
2015,2
2015,1
2015,82
2015,92
2015,55
2015,64
2015,63
2015,75
2015,65
2015,60
2015,2
2015,1
2015,81
2015,82
2015,76
2015,65
2015,62
2015,70
2015,79
2015,65
2015,1
2015,1
2015,2
2015,71
2015,72
2015,71
2015,60
2015,89
2015,67
2015,65
2015,51
2015,1
2015,1
2015,64
2015,1
2015,74
2015,86
2015,81
2015,56
2015,71
2015,66
2015,2
2015,2
2015,83
2015,79
2015,83
2015,75
2015,48
2015,79
2015,79
2015,68
2015,2
2015,1
2015,1
2015,99
2015,48
2015,90
2015,59
2015,69
2015,91
2015,60
2015,3
2015,80
2015,1
2015,91
2015,92
2015,69
2015,58
2015,62
2015,59
2015,2
2015,85
2015,4
2015,99
2015,2
2015,77
2015,75
2015,64
2015,89
2015,76
2015,2
2015,92
2015,3
2015,90
2015,2
2015,77
2015,80
2015,68
2015,60
2015,58
2015,88
2015,74
2015,1
2015,80
2015,1
2015,77
2015,61
2015,65
2015,66
2015,70
2015,48
2015,1
2015,75
2015,1
2015,61
2015,76
2015,60
2015,62
2015,54
2015,57
2015,47
2015,63
2015,2
2015,70
2015,72
2015,68
2015,65
2015,62
2015,1
2015,63
2015,3
2015,1
2015,60
2015,77
2015,77
2015,66
2015,73
2015,53
2015,89
2015,56
2015,59
2015,64
2015,1
2015,86
2015,77
2015,104
2015,83
2015,51
2015,88
2015,2
2015,80
2015,1
2015,68
2015,70
2015,86
2015,68
2015,77
2015,45
2016,38
2016,2
2016,65
2016,89
2016,69
2016,98
2016,100
2016,79
2016,77
2016,4
2016,3
2016,111
2016,2
2016,115
2016,102
2016,79
2016,66
2016,77
2016,109
2016,1
2016,71
2016,1
2016,83
2016,1
2016,81
2016,83
2016,84
2016,62
2016,3
2016,64
2016,1
2016,70
2016,51
2016,77
2016,77
2016,71
2016,73
2016,72
2016,65
2016,56
2016,1
2016,80
2016,86
2016,68
2016,93
2016,76
2016,1
2016,69
2016,4
2016,2
2016,86
2016,73
2016,66
2016,1
2016,83
2016,66
2016,75
2016,58
2016,67
2016,1
2016,71
2016,87
2016,75
2016,85
2016,99
2016,89
2016,1
2016,97
2016,3
2016,99
2016,79
2016,90
2016,90
2016,78
2016,88
2016,68
2016,63
2016,1
2016,96
2016,88
2016,72
2016,93
2016,67
2016,84
2016,63
2016,1
2016,1
2016,2
2016,105
2016,80
2016,94
2016,82
2016,76
2016,72
2016,75
2016,2
2016,2
2016,83
2016,94
2016,76
2016,97
2016,74
2016,73
2016,65
2016,2
2016,3
2016,99
2016,97
2016,109
2016,83
2016,92
2016,75
2016,74
2016,64
2016,2
2016,107
2016,81
2016,77
2016,68
2016,75
2016,69
2016,2
2016,59
2016,1
2016,1
2016,70
2016,97
2016,67
2016,61
2016,77
2016,76
2016,70
2016,57
2016,5
2016,1
2016,1
2016,87
2016,88
2016,85
2016,94
2016,90
2016,80
2016,70
2016,61
2016,3
2016,1
2016,96
2016,96
2016,93
2016,58
2016,94
2016,94
2016,92
2016,73
2016,1
2016,2
2016,110
2016,93
2016,72
2016,70
2016,77
2016,53
2016,1
2016,4
2016,81
2016,3
2016,103
2016,83
2016,67
2016,71
2016,73
2016,77
2016,63
2016,1
2016,67
2016,2
2016,4
2016,99
2016,1
2016,78
2016,95
2016,92
2016,76
2016,72
2016,1
2016,76
2016,1
2016,77
2016,101
2016,89
2016,65
2016,85
2016,88
2016,66
2016,81
2016,1
2016,1
2016,83
2016,1
2016,70
2016,75
2016,76
2016,86
2016,1
2016,81
2016,1
2016,3
2016,79
2016,90
2016,76
2016,82
2016,59
2016,55
2016,84
2016,54
2016,60
2016,1
2016,67
2016,86
2016,87
2016,83
2016,73
2016,100
2016,2
2016,100
2016,3
2016,93
2016,80
2016,96
2016,88
2016,74
2016,62
2016,78
2016,59
2016,1
2016,71
2016,1
2016,102
2016,66
2016,98
2016,86
2016,83
2016,82
2016,3
2016,2
2016,84
2016,75
2016,94
2016,101
2016,89
2016,82
2016,2
2016,1
2016,95
2016,94
2016,82
2016,83
2016,70
2016,74
2016,76
2016,74
2016,1
2016,3
2016,87
2016,99
2016,83
2016,63
2016,69
2016,51
2016,82
2016,57
2016,3
2016,99
2016,76
2016,85
2016,76
2016,76
2016,79
2016,81
2016,2
2016,2
2016,1
2016,72
2016,66
2016,78
2016,92
2016,73
2016,87
2016,72
2016,79
2016,2
2016,2
2016,78
2016,86
2016,84
2016,63
2016,74
2016,68
2016,64
2016,2
2016,65
2016,98
2016,88
2016,94
2016,87
2016,87
2016,72
2016,85
2016,1
2016,91
2016,63
2016,79
2016,75
2016,84
2016,83
2016,76
2016,1
2016,101
2016,86
2016,89
2016,76
2016,90
2016,51
2016,62
2016,65
2016,1
2017,2
2017,102
2017,113
2017,89
2017,69
2017,126
2017,69
2017,88
2017,77
2017,4
2017,112
2017,115
2017,78
2017,85
2017,122
2017,89
2017,3
2017,64
2017,4
2017,1
2017,95
2017,92
2017,101
2017,95
2017,101
2017,104
2017,83
2017,75
2017,1
2017,1
2017,92
2017,87
2017,74
2017,91
2017,97
2017,80
2017,75
2017,6
2017,1
2017,100
2017,99
2017,91
2017,88
2017,109
2017,81
2017,90
2017,90
2017,1
2017,1
2017,1
2017,1
2017,85
2017,89
2017,92
2017,77
2017,110
2017,89
2017,96
2017,78
2017,3
2017,108
2017,3
2017,98
2017,106
2017,105
2017,72
2017,100
2017,74
2017,2
2017,2
2017,3
2017,99
2017,114
2017,107
2017,105
2017,92
2017,104
2017,77
2017,96
2017,82
2017,3
2017,1
2017,75
2017,70
2017,84
2017,100
2017,76
2017,69
2017,90
2017,87
2017,93
2017,74
2017,99
2017,2
2017,107
2017,4
2017,3
2017,95
2017,91
2017,76
2017,86
2017,85
2017,91
2017,1
2017,86
2017,81
2017,1
2017,121
2017,109
2017,103
2017,90
2017,97
2017,3
2017,77
2017,1
2017,4
2017,92
2017,1
2017,70
2017,98
2017,89
2017,69
2017,86
2017,86
2017,86
2017,77
2017,2
2017,94
2017,107
2017,92
2017,88
2017,98
2017,70
2017,96
2017,1
2017,3
2017,104
2017,2
2017,100
2017,97
2017,95
2017,92
2017,82
2017,102
2017,87
2017,75
2017,1
2017,85
2017,5
2017,91
2017,71
2017,128
2017,107
2017,3
2017,108
2017,1
2017,5
2017,106
2017,92
2017,96
2017,80
2017,101
2017,50
2017,56
2017,107
2017,80
2017,1
2017,96
2017,94
2017,82
2017,68
2017,82
2017,108
2017,77
2017,1
2017,6
2017,95
2017,89
2017,96
2017,88
2017,96
2017,102
2017,109
2017,83
2017,9
2017,1
2017,1
2017,109
2017,90
2017,102
2017,89
2017,85
2017,90
2017,2
2017,84
2017,1
2017,94
2017,89
2017,100
2017,63
2017,73
2017,83
2017,70
2017,2
2017,1
2017,91
2017,109
2017,95
2017,77
2017,96
2017,71
2017,90
2017,6
2017,82
2017,1
2017,78
2017,82
2017,94
2017,75
2017,94
2017,71
2017,2
2017,2
2017,90
2017,88
2017,92
2017,93
2017,116
2017,86
2017,111
2017,85
2017,2
2017,91
2017,111
2017,100
2017,101
2017,99
2017,83
2017,4
2017,49
2017,2
2017,24
2017,72
2017,101
2017,92
2017,85
2017,2
2017,97
2017,4
2017,71
2017,2
2017,102
2017,86
2017,79
2017,100
2017,69
2017,65
2017,94
2017,82
2017,91
2017,1
2017,64
2017,107
2017,1
2017,88
2017,93
2017,117
2017,94
2017,1
2017,108
2017,2
2017,2
2017,1
2017,97
2017,100
2017,88
2017,75
2017,75
2017,53
2017,70
2017,66
2017,88
2017,91
2017,94
2017,93
2017,96
2017,86
2017,3
2017,3
2017,79
2017,2
2017,91
2017,85
2017,97
2017,79
2017,85
2017,72
2017,73
2017,96
2017,4
2017,111
2017,2
2017,73
2017,97
2017,101
2017,110
2017,100
2017,113
2017,3
2017,93
2017,101
2017,116
2017,93
2017,87
2017,81
2017,109
2017,79
2017,91
2017,2
2017,94
2017,2
2017,104
2017,94
2017,82
2017,46
2018,100
2018,5
2018,109
2018,103
2018,92
2018,81
2018,106
2018,105
2018,83
2018,85
2018,5
2018,65
2018,2
2018,96
2018,120
2018,85
2018,95
2018,97
2018,94
2018,2
2018,3
2018,98
2018,2
2018,114
2018,94
2018,115
2018,96
2018,90
2018,99
2018,90
2018,89
2018,1
2018,104
2018,1
2018,101
2018,93
2018,114
2018,117
2018,94
2018,1
2018,103
2018,2
2018,85
2018,3
2018,98
2018,122
2018,101
2018,104
2018,88
2018,86
2018,77
2018,97
2018,1
2018,118
2018,106
2018,113
2018,112
2018,114
2018,4
2018,109
2018,1
2018,4
2018,122
2018,118
2018,121
2018,151
2018,108
2018,102
2018,111
2018,109
2018,2
2018,102
2018,3
2018,3
2018,125
2018,90
2018,147
2018,143
2018,130
2018,142
2018,1
2018,3
2018,37
2018,1
2018,61
2018,89
2018,100
2018,93
2018,86
2018,88
2018,90
2018,1
2018,88
2018,90
2018,96
2018,91
2018,89
2018,118
2018,82
2018,99
2018,1
2018,105
2018,98
2018,117
2018,118
2018,113
2018,108
2018,79
2018,2
2018,2
2018,2
2018,1
2018,1
2018,100
2018,102
2018,96
2018,118
2018,91
2018,108
2018,1
2018,3
2018,121
2018,1
2018,109
2018,83
2018,92
2018,100
2018,100
2018,86
2018,2
2018,1
2018,2
2018,90
2018,122
2018,116
2018,100
2018,95
2018,109
2018,114
2018,117
2018,115
2018,2
2018,2
2018,1
2018,109
2018,117
2018,110
2018,123
2018,120
2018,105
2018,2
2018,107
2018,4
2018,1
2018,109
2018,109
2018,119
2018,121
2018,121
2018,107
2018,108
2018,6
2018,2
2018,3
2018,3
2018,111
2018,128
2018,137
2018,1
2018,67
2018,88
2018,80
2018,2
2018,86
2018,1
2018,2
2018,104
2018,98
2018,107
2018,103
2018,106
2018,5
2018,69
2018,3
2018,1
2018,84
2018,4
2018,100
2018,103
2018,121
2018,97
2018,87
2018,84
2018,1
2018,82
2018,115
2018,97
2018,114
2018,115
2018,118
2018,130
2018,3
2018,5
2018,126
2018,2
2018,2
2018,106
2018,92
2018,105
2018,96
2018,87
2018,105
2018,85
2018,3
2018,97
2018,3
2018,104
2018,135
2018,115
2018,102
2018,2
2018,108
2018,3
2018,1
2018,107
2018,107
2018,117
2018,118
2018,100
2018,99
2018,97
2018,3
2018,105
2018,1
2018,121
2018,2
2018,141
2018,117
2018,124
2018,122
2018,109
2018,2
2018,119
2018,1
2018,117
2018,3
2018,124
2018,105
2018,137
2018,121
2018,122
2018,129
2018,96
2018,102
2018,1
2018,2
2018,11
2018,69
2018,86
2018,119
2018,99
2018,121
2018,73
2018,3
2018,87
2018,3
2018,1
2018,105
2018,91
2018,97
2018,77
2018,97
2018,111
2018,95
2018,2
2018,91
2018,113
2018,96
2018,106
2018,88
2018,99
2018,100
2018,88
2018,1
2018,1
2018,105
2018,1
2018,115
2018,96
2018,102
2018,121
2018,102
2018,98
2018,93
2018,2
2018,2
2018,1
2018,113
2018,116
2018,93
2018,90
2018,112
2018,83
2018,118
2018,81
2018,3
2018,1
2018,119
2018,1
2018,93
2018,103
2018,91
2018,94
2018,113
2018,94
2018,98
2018,6
2018,115
2018,132
2018,119
2018,115
2018,115
2018,113
2018,119
2018,120
2018,3
2018,1
2018,1
2018,118
2018,103
2018,110
2018,135
2018,125
2018,134
2018,96
2018,120
2018,4
2018,3
2018,131
2018,111
2018,116
2018,106
2018,123
2019,83
2019,113
2019,89
2019,3
2019,2
2019,5
2019,2
2019,117
2019,115
2019,134
2019,115
2019,131
2019,102
2019,82
2019,3
2019,120
2019,2
2019,129
2019,120
2019,126
2019,109
2019,134
2019,126
2019,4
2019,4
2019,2
2019,122
2019,106
2019,113
2019,135
2019,112
2019,127
2019,109
2019,114
2019,107
2019,3
2019,6
2019,1
2019,143
2019,99
2019,120
2019,106
2019,127
2019,117
2019,3
2019,107
2019,3
2019,1
2019,122
2019,123
2019,108
2019,99
2019,102
2019,94
2019,105
2019,4
2019,1
2019,1
2019,1
2019,118
2019,108
2019,105
2019,107
2019,136
2019,106
2019,104
2019,2
2019,5
2019,117
2019,141
2019,136
2019,118
2019,109
2019,114
2019,131
2019,96
2019,2
2019,2
2019,1
2019,101
2019,126
2019,113
2019,122
2019,101
2019,102
2019,125
2019,93
2019,5
2019,1
2019,88
2019,4
2019,121
2019,141
2019,124
2019,115
2019,97
2019,2
2019,3
2019,103
2019,5
2019,120
2019,111
2019,115
2019,109
2019,118
2019,111
2019,137
2019,107
2019,2
2019,131
2019,4
2019,124
2019,90
2019,96
2019,105
2019,2
2019,152
2019,5
2019,1
2019,1
2019,138
2019,112
2019,131
2019,124
2019,115
2019,120
2019,104
2019,109
2019,2
2019,105
2019,5
2019,98
2019,2
2019,131
2019,110
2019,127
2019,112
2019,94
2019,130
2019,4
2019,3
2019,128
2019,107
2019,117
2019,116
2019,94
2019,113
2019,71
2019,102
2019,4
2019,88
2019,134
2019,142
2019,108
2019,110
2019,111
2019,129
2019,4
2019,5
2019,123
2019,3
2019,140
2019,145
2019,133
2019,90
2019,99
2019,121
2019,87
2019,97
2019,4
2019,133
2019,2
2019,125
2019,35
2019,2
2019,103
2019,2
2019,4
2019,132
2019,126
2019,125
2019,103
2019,120
2019,105
2019,122
2019,89
2019,3
2019,2
2019,3
2019,108
2019,134
2019,142
2019,134
2019,132
2019,116
2019,105
2019,111
2019,2
2019,2
2019,106
2019,1
2019,106
2019,101
2019,117
2019,134
2019,105
2019,3
2019,2
2019,2
2019,1
2019,109
2019,126
2019,144
2019,149
2019,130
2019,107
2019,93
2019,2
2019,109
2019,110
2019,111
2019,117
2019,131
2019,117
2019,118
2019,3
2019,92
2019,1
2019,1
2019,113
2019,119
2019,126
2019,117
2019,117
2019,118
2019,100
2019,92
2019,1
2019,3
2019,4
2019,119
2019,129
2019,117
2019,115
2019,100
2019,78
2019,96
2019,6
2019,5
2019,122
2019,2
2019,109
2019,144
2019,130
2019,113
2019,108
2019,122
2019,92
2019,1
2019,1
2019,91
2019,70
2019,135
2019,131
2019,116
2019,116
2019,109
2019,110
2019,1
2019,122
2019,105
2019,2
2019,107
2019,110
2019,117
2019,125
2019,111
2019,5
2019,134
2019,3
2019,112
2019,3
2019,116
2019,125
2019,101
2019,97
2019,86
2019,112
2019,111
2019,1
2019,3
2019,151
2019,3
2019,134
2019,83
2019,139
2019,138
2019,4
2019,152
2019,1
2019,3
2019,135
2019,108
2019,105
2019,106
2019,127
2019,136
2019,114
2019,103
2019,2
2019,95
2019,118
2019,108
2019,119
2019,126
2019,90
2019,111
2019,6
2019,1
2019,120
2019,3
2019,108
2019,108
2019,131
2019,108
2019,83
2019,107
2019,91
2019,8
2019,97
2019,4
2019,3
2019,124
2019,2
2019,88
2019,110
2019,134
2019,143
2019,115
2019,6
2019,7
2019,109
2019,97
2019,92
2019,121
2019,55
2020,1
2020,100
2020,94
2020,4
2020,2
2020,115
2020,3
2020,111
2020,113
2020,112
2020,131
2020,5
2020,113
2020,5
2020,4
2020,114
2020,64
2020,105
2020,63
2020,65
2020,49
2020,24
2020,144
2020,123
2020,118
2020,129
2020,88
2020,108
2020,95
2020,4
2020,8
2020,4
2020,127
2020,124
2020,113
2020,109
2020,53
2020,46
2020,1
2020,51
2020,54
2020,60
2020,103
2020,120
2020,1
2020,3
2020,101
2020,128
2020,125
2020,136
2020,124
2020,81
2020,117
2020,90
2020,95
2020,3
2020,101
2020,2
2020,124
2020,57
2020,64
2020,56
2020,49
2020,2
2020,136
2020,115
2020,141
2020,98
2020,106
2020,99
2020,6
2020,3
2020,3
2020,111
2020,108
2020,103
2020,115
2020,99
2020,130
2020,100
2020,79
2020,5
