Year,Month,NewCasesOfPersonalityDisorders
1900,1,9
1962,5,1
1963,1,1
1964,4,1
1964,5,1
1965,3,1
1965,5,1
1965,10,1
1966,12,1
1967,1,1
1968,1,1
1968,8,1
1969,1,1
1969,2,1
1969,5,1
1969,7,1
1969,8,1
1970,2,1
1970,6,2
1970,9,2
1970,10,1
1971,1,1
1971,9,1
1971,10,1
1972,1,2
1972,3,1
1972,9,1
1972,11,2
1973,1,2
1973,3,1
1973,5,1
1973,11,2
1974,1,1
1974,2,1
1974,4,1
1974,8,1
1974,10,1
1974,12,1
1975,1,4
1975,6,1
1975,7,1
1975,11,1
1976,1,4
1976,2,1
1976,3,1
1976,5,1
1976,7,1
1977,1,7
1977,3,1
1977,6,1
1978,1,4
1978,3,1
1978,10,1
1978,11,1
1979,1,1
1979,3,1
1979,4,1
1979,8,1
1979,10,1
1980,1,3
1980,5,2
1980,6,1
1980,9,1
1981,1,1
1981,2,1
1981,4,1
1981,6,2
1981,9,2
1981,12,2
1982,1,1
1982,4,2
1983,1,1
1983,2,1
1983,4,1
1983,5,1
1983,7,1
1983,8,1
1983,9,1
1983,10,2
1984,1,4
1984,3,1
1984,7,1
1984,8,2
1984,10,2
1984,11,1
1985,1,6
1985,2,2
1985,4,1
1985,7,1
1985,9,1
1985,11,1
1986,1,7
1986,2,1
1986,3,1
1986,5,1
1986,6,1
1986,7,3
1986,8,2
1986,9,3
1986,10,1
1986,11,1
1986,12,1
1987,1,5
1987,4,1
1987,8,1
1987,9,1
1988,1,4
1988,2,1
1988,3,4
1988,5,1
1988,7,1
1988,8,1
1988,11,1
1989,1,1
1989,6,1
1989,8,1
1989,9,3
1989,10,1
1990,1,10
1990,2,3
1990,3,2
1990,6,2
1990,7,1
1990,8,1
1990,10,3
1990,11,1
1990,12,3
1991,1,1
1991,2,1
1991,3,1
1991,5,1
1991,7,1
1991,10,1
1992,1,3
1992,2,2
1992,3,2
1992,4,2
1992,5,2
1992,6,5
1992,7,1
1992,8,2
1992,9,1
1992,10,1
1992,12,2
1993,1,7
1993,2,2
1993,3,2
1993,4,1
1993,8,1
1993,10,1
1993,11,6
1993,12,2
1994,1,4
1994,2,2
1994,4,1
1994,7,1
1994,8,2
1994,9,2
1994,10,1
1994,11,3
1994,12,3
1995,1,3
1995,3,3
1995,5,1
1995,6,4
1995,7,3
1995,8,1
1995,9,4
1995,11,1
1996,1,5
1996,2,1
1996,3,3
1996,4,1
1996,5,5
1996,7,1
1996,8,2
1996,9,1
1996,10,4
1996,11,4
1996,12,3
1997,1,6
1997,2,1
1997,3,4
1997,4,4
1997,5,3
1997,6,4
1997,7,1
1997,8,2
1997,9,1
1997,10,2
1997,11,6
1997,12,1
1998,1,3
1998,2,2
1998,3,2
1998,4,1
1998,5,1
1998,6,2
1998,9,1
1998,10,1
1998,11,3
1998,12,2
1999,1,5
1999,2,3
1999,3,1
1999,4,3
1999,5,2
1999,6,8
1999,7,2
1999,8,5
1999,9,3
1999,10,2
1999,11,1
1999,12,1
2000,1,4
2000,2,5
2000,3,1
2000,4,1
2000,5,2
2000,6,2
2000,7,3
2000,8,3
2000,9,3
2000,10,1
2000,11,2
2001,1,4
2001,2,3
2001,3,3
2001,4,4
2001,5,4
2001,6,2
2001,7,2
2001,8,4
2001,9,2
2001,10,3
2001,11,2
2002,1,4
2002,2,2
2002,3,1
2002,4,1
2002,5,2
2002,6,2
2002,9,2
2002,10,3
2002,11,2
2002,12,3
2003,1,11
2003,2,1
2003,3,1
2003,4,5
2003,5,3
2003,6,1
2003,7,4
2003,8,3
2003,9,5
2003,10,3
2003,11,5
2003,12,4
2004,1,5
2004,2,3
2004,3,2
2004,4,2
2004,5,3
2004,6,3
2004,7,3
2004,8,3
2004,9,3
2004,10,3
2004,11,5
2004,12,4
2005,1,6
2005,2,5
2005,3,6
2005,4,3
2005,5,4
2005,6,3
2005,7,3
2005,9,2
2005,10,1
2005,11,3
2005,12,1
2006,2,1
2006,3,2
2006,4,3
2006,5,3
2006,6,2
2006,7,1
2006,9,5
2006,11,6
2006,12,2
2007,1,6
2007,2,2
2007,3,3
2007,5,5
2007,6,7
2007,7,1
2007,8,2
2007,9,2
2007,10,2
2007,11,3
2007,12,4
2008,1,3
2008,2,3
2008,3,1
2008,4,5
2008,5,6
2008,6,2
2008,7,4
2008,8,1
2008,9,1
2008,10,4
2008,11,5
2008,12,2
2009,1,4
2009,2,5
2009,3,4
2009,4,1
2009,5,1
2009,7,4
2009,8,5
2009,9,4
2009,10,3
2009,11,2
2009,12,3
2010,1,4
2010,2,2
2010,3,6
2010,4,3
2010,5,6
2010,6,3
2010,7,6
2010,8,2
2010,9,4
2010,10,2
2010,11,5
2010,12,4
2011,1,9
2011,2,3
2011,3,4
2011,4,3
2011,5,10
2011,6,5
2011,7,7
2011,8,4
2011,9,2
2011,10,2
2011,11,5
2011,12,1
2012,1,5
2012,2,3
2012,3,3
2012,4,3
2012,5,2
2012,6,2
2012,7,6
2012,8,5
2012,9,4
2012,10,6
2012,11,4
2012,12,4
2013,1,8
2013,2,7
2013,3,2
2013,4,4
2013,6,7
2013,7,2
2013,8,8
2013,9,5
2013,10,3
2013,11,8
2013,12,4
2014,1,11
2014,2,4
2014,3,5
2014,4,5
2014,5,4
2014,6,3
2014,7,4
2014,8,5
2014,9,9
2014,10,4
2014,11,6
2014,12,4
2015,1,13
2015,2,6
2015,3,9
2015,4,4
2015,5,3
2015,6,7
2015,7,12
2015,8,2
2015,9,7
2015,10,10
2015,11,7
2015,12,8
2016,1,6
2016,2,7
2016,3,8
2016,4,9
2016,5,8
2016,6,8
2016,7,9
2016,8,8
2016,9,12
2016,10,7
2016,11,9
2016,12,5
2017,1,3
2017,2,7
2017,3,14
2017,4,8
2017,5,7
2017,6,6
2017,7,8
2017,8,9
2017,9,11
2017,10,11
2017,11,9
2017,12,6
2018,1,13
2018,2,9
2018,3,4
2018,4,6
2018,5,8
2018,6,9
2018,7,12
2018,8,10
2018,9,11
2018,10,21
2018,11,17
2018,12,3
2019,1,8
2019,2,9
2019,3,9
2019,4,16
2019,5,10
2019,6,14
2019,7,18
2019,8,15
2019,9,12
2019,10,9
2019,11,9
2019,12,7
2020,1,12
2020,2,9
2020,3,5
