Year,AnxietyDisorders
2000,4
2000,5
2000,6
2000,1
2000,3
2000,2
2000,7
2000,1
2000,3
2000,5
2000,8
2000,1
2000,3
2000,8
2000,5
2000,5
2000,2
2000,3
2000,1
2000,1
2000,6
2000,2
2000,5
2000,5
2000,6
2000,3
2000,4
2000,5
2000,4
2000,5
2000,6
2000,1
2000,8
2000,3
2000,3
2000,3
2000,6
2000,5
2000,6
2000,2
2000,1
2000,5
2000,8
2000,8
2000,4
2000,6
2000,3
2000,6
2000,2
2000,13
2000,6
2000,8
2000,6
2000,6
2000,8
2000,9
2000,2
2000,2
2000,6
2000,6
2000,3
2000,4
2000,10
2000,6
2000,6
2000,8
2000,5
2000,6
2000,2
2000,4
2000,1
2000,69
2000,3
2000,2
2000,8
2000,3
2000,4
2000,9
2000,7
2000,1
2000,6
2000,6
2000,3
2000,3
2000,2
2000,4
2000,10
2000,5
2000,7
2000,5
2000,4
2000,5
2000,6
2000,4
2000,7
2000,1
2000,8
2000,4
2000,2
2000,3
2000,9
2000,4
2000,5
2000,8
2000,9
2000,3
2000,4
2000,4
2000,5
2000,4
2000,1
2000,5
2000,5
2000,5
2000,10
2000,3
2000,8
2000,2
2000,5
2000,1
2000,7
2000,4
2000,9
2000,4
2000,8
2000,1
2000,3
2000,1
2000,1
2000,1
2000,8
2000,4
2000,4
2000,3
2000,5
2000,9
2000,2
2000,6
2000,7
2000,2
2000,1
2000,2
2000,4
2000,7
2000,2
2000,9
2000,4
2000,4
2000,4
2000,2
2000,2
2000,4
2000,4
2000,5
2000,5
2000,6
2000,1
2000,8
2000,4
2000,8
2000,3
2000,2
2000,4
2000,1
2000,7
2000,5
2000,9
2000,4
2000,6
2000,7
2000,1
2000,7
2000,6
2000,2
2000,4
2000,7
2000,8
2000,6
2000,2
2000,7
2000,1
2000,4
2000,7
2000,2
2000,2
2000,10
2000,7
2000,7
2000,9
2000,10
2000,4
2000,3
2000,3
2000,2
2000,5
2000,2
2000,7
2000,8
2000,2
2000,5
2000,6
2000,6
2000,6
2000,1
2000,3
2000,5
2000,3
2000,3
2000,5
2000,2
2000,2
2000,4
2000,2
2000,6
2000,8
2000,3
2000,8
2000,4
2000,5
2000,3
2000,4
2000,1
2000,6
2000,6
2000,10
2000,5
2000,6
2000,2
2000,3
2000,8
2000,6
2000,6
2000,5
2000,2
2000,5
2000,6
2000,6
2000,4
2000,6
2000,3
2000,9
2000,5
2000,9
2000,6
2000,6
2000,3
2000,5
2000,1
2000,8
2000,4
2000,3
2000,3
2000,5
2000,6
2000,2
2000,5
2000,5
2000,1
2000,3
2000,8
2000,3
2000,5
2000,3
2000,4
2000,4
2000,12
2000,9
2000,7
2000,7
2000,7
2000,5
2000,7
2000,7
2000,6
2000,6
2000,5
2000,4
2000,5
2000,6
2001,7
2001,9
2001,7
2001,3
2001,1
2001,3
2001,7
2001,1
2001,1
2001,8
2001,2
2001,7
2001,7
2001,15
2001,5
2001,5
2001,1
2001,11
2001,9
2001,4
2001,6
2001,6
2001,5
2001,7
2001,1
2001,11
2001,6
2001,14
2001,2
2001,4
2001,8
2001,7
2001,5
2001,4
2001,5
2001,3
2001,4
2001,7
2001,8
2001,5
2001,7
2001,4
2001,10
2001,2
2001,5
2001,7
2001,9
2001,4
2001,2
2001,5
2001,7
2001,10
2001,2
2001,9
2001,6
2001,10
2001,1
2001,1
2001,5
2001,5
2001,7
2001,11
2001,8
2001,8
2001,12
2001,7
2001,1
2001,11
2001,8
2001,11
2001,3
2001,5
2001,4
2001,3
2001,5
2001,7
2001,7
2001,7
2001,6
2001,3
2001,8
2001,6
2001,11
2001,5
2001,10
2001,5
2001,7
2001,4
2001,5
2001,5
2001,9
2001,5
2001,13
2001,6
2001,4
2001,8
2001,5
2001,10
2001,5
2001,5
2001,8
2001,4
2001,9
2001,9
2001,7
2001,9
2001,7
2001,3
2001,8
2001,3
2001,4
2001,1
2001,1
2001,5
2001,1
2001,10
2001,11
2001,6
2001,15
2001,3
2001,11
2001,4
2001,1
2001,9
2001,5
2001,6
2001,8
2001,2
2001,1
2001,13
2001,9
2001,11
2001,2
2001,10
2001,5
2001,2
2001,7
2001,15
2001,1
2001,14
2001,60
2001,5
2001,3
2001,3
2001,6
2001,1
2001,7
2001,6
2001,7
2001,4
2001,6
2001,7
2001,9
2001,7
2001,9
2001,17
2001,7
2001,7
2001,4
2001,7
2001,5
2001,6
2001,6
2001,7
2001,5
2001,7
2001,5
2001,8
2001,1
2001,4
2001,5
2001,8
2001,4
2001,8
2001,3
2001,7
2001,1
2001,6
2001,14
2001,6
2001,7
2001,4
2001,6
2001,7
2001,7
2001,1
2001,9
2001,15
2001,5
2001,8
2001,5
2001,7
2001,7
2001,4
2001,5
2001,6
2001,8
2001,9
2001,9
2001,9
2001,6
2001,7
2001,3
2001,8
2001,11
2001,8
2001,12
2001,8
2001,7
2001,2
2001,6
2001,9
2001,5
2001,5
2001,8
2001,11
2001,5
2001,8
2001,6
2001,7
2001,5
2001,3
2001,11
2001,5
2001,4
2001,4
2001,11
2001,1
2001,5
2001,1
2001,10
2001,7
2001,4
2001,4
2001,9
2001,9
2001,8
2001,1
2001,8
2001,5
2001,13
2001,7
2001,8
2001,4
2001,1
2001,9
2001,6
2001,9
2001,12
2001,5
2001,8
2001,7
2001,8
2001,5
2001,1
2001,5
2001,4
2001,2
2001,13
2001,2
2001,3
2001,15
2001,11
2001,6
2001,11
2001,5
2001,14
2001,2
2001,5
2001,7
2001,8
2001,12
2001,6
2001,9
2001,9
2001,6
2001,9
2001,2
2001,5
2002,5
2002,7
2002,7
2002,6
2002,6
2002,4
2002,14
2002,8
2002,10
2002,7
2002,6
2002,5
2002,13
2002,1
2002,14
2002,11
2002,5
2002,3
2002,8
2002,13
2002,3
2002,6
2002,7
2002,9
2002,4
2002,9
2002,11
2002,9
2002,5
2002,13
2002,9
2002,14
2002,13
2002,6
2002,20
2002,6
2002,12
2002,7
2002,6
2002,9
2002,7
2002,11
2002,4
2002,11
2002,6
2002,10
2002,5
2002,1
2002,13
2002,11
2002,3
2002,9
2002,8
2002,3
2002,5
2002,7
2002,17
2002,1
2002,4
2002,15
2002,11
2002,7
2002,12
2002,3
2002,7
2002,12
2002,14
2002,7
2002,3
2002,7
2002,11
2002,1
2002,11
2002,6
2002,15
2002,7
2002,6
2002,1
2002,10
2002,7
2002,1
2002,8
2002,6
2002,13
2002,3
2002,12
2002,3
2002,7
2002,8
2002,10
2002,5
2002,16
2002,6
2002,4
2002,7
2002,4
2002,7
2002,8
2002,7
2002,8
2002,7
2002,2
2002,1
2002,9
2002,5
2002,12
2002,8
2002,6
2002,7
2002,7
2002,5
2002,9
2002,3
2002,12
2002,8
2002,10
2002,9
2002,7
2002,1
2002,11
2002,11
2002,8
2002,14
2002,6
2002,10
2002,12
2002,1
2002,11
2002,16
2002,8
2002,4
2002,11
2002,9
2002,8
2002,6
2002,59
2002,6
2002,5
2002,6
2002,13
2002,8
2002,1
2002,15
2002,1
2002,6
2002,3
2002,7
2002,6
2002,6
2002,10
2002,14
2002,7
2002,1
2002,12
2002,6
2002,3
2002,6
2002,5
2002,13
2002,3
2002,1
2002,6
2002,9
2002,6
2002,6
2002,7
2002,10
2002,4
2002,8
2002,3
2002,1
2002,6
2002,7
2002,6
2002,11
2002,14
2002,1
2002,4
2002,2
2002,13
2002,9
2002,10
2002,12
2002,5
2002,2
2002,10
2002,13
2002,2
2002,6
2002,1
2002,10
2002,6
2002,8
2002,10
2002,11
2002,8
2002,1
2002,1
2002,8
2002,8
2002,6
2002,14
2002,5
2002,6
2002,16
2002,12
2002,7
2002,6
2002,13
2002,7
2002,9
2002,1
2002,9
2002,8
2002,10
2002,8
2002,8
2002,11
2002,7
2002,8
2002,1
2002,12
2002,9
2002,2
2002,9
2002,8
2002,14
2002,2
2002,2
2002,1
2002,8
2002,9
2002,13
2002,9
2002,4
2002,9
2002,8
2002,2
2002,10
2002,4
2002,10
2002,4
2002,10
2002,10
2002,3
2002,9
2002,8
2002,4
2002,5
2002,4
2002,16
2002,10
2002,11
2002,1
2002,5
2002,9
2002,13
2002,10
2002,10
2002,11
2002,11
2002,5
2002,3
2002,7
2002,9
2002,9
2002,12
2002,3
2002,5
2002,11
2002,10
2002,1
2002,7
2002,10
2002,2
2002,2
2002,8
2002,5
2002,8
2002,3
2002,5
2002,5
2003,10
2003,9
2003,7
2003,11
2003,7
2003,1
2003,2
2003,14
2003,7
2003,9
2003,8
2003,9
2003,9
2003,10
2003,1
2003,1
2003,9
2003,6
2003,8
2003,12
2003,5
2003,5
2003,8
2003,10
2003,11
2003,20
2003,14
2003,3
2003,16
2003,5
2003,4
2003,7
2003,5
2003,1
2003,6
2003,11
2003,8
2003,5
2003,12
2003,6
2003,4
2003,2
2003,7
2003,2
2003,7
2003,6
2003,7
2003,3
2003,13
2003,7
2003,10
2003,10
2003,10
2003,4
2003,7
2003,4
2003,11
2003,10
2003,15
2003,11
2003,11
2003,8
2003,5
2003,6
2003,4
2003,6
2003,1
2003,12
2003,11
2003,10
2003,7
2003,7
2003,1
2003,1
2003,8
2003,9
2003,18
2003,8
2003,8
2003,4
2003,9
2003,6
2003,10
2003,1
2003,1
2003,10
2003,5
2003,13
2003,4
2003,5
2003,9
2003,1
2003,1
2003,3
2003,10
2003,6
2003,6
2003,5
2003,9
2003,9
2003,1
2003,7
2003,2
2003,10
2003,9
2003,8
2003,7
2003,8
2003,1
2003,5
2003,6
2003,13
2003,7
2003,9
2003,8
2003,7
2003,15
2003,8
2003,8
2003,1
2003,9
2003,8
2003,6
2003,6
2003,12
2003,5
2003,1
2003,1
2003,13
2003,8
2003,17
2003,9
2003,5
2003,9
2003,3
2003,12
2003,13
2003,9
2003,6
2003,7
2003,12
2003,11
2003,1
2003,8
2003,1
2003,9
2003,12
2003,9
2003,11
2003,10
2003,11
2003,5
2003,9
2003,9
2003,6
2003,5
2003,5
2003,13
2003,14
2003,6
2003,3
2003,10
2003,26
2003,10
2003,7
2003,16
2003,11
2003,1
2003,1
2003,9
2003,12
2003,15
2003,11
2003,9
2003,8
2003,8
2003,1
2003,14
2003,8
2003,8
2003,7
2003,14
2003,6
2003,16
2003,7
2003,1
2003,9
2003,13
2003,10
2003,4
2003,9
2003,12
2003,14
2003,10
2003,6
2003,19
2003,12
2003,10
2003,10
2003,14
2003,6
2003,1
2003,12
2003,8
2003,15
2003,8
2003,14
2003,7
2003,11
2003,2
2003,1
2003,11
2003,9
2003,5
2003,6
2003,1
2003,174
2003,8
2003,8
2003,9
2003,15
2003,7
2003,7
2003,8
2003,5
2003,8
2003,1
2003,6
2003,6
2003,17
2003,14
2003,5
2003,13
2003,6
2003,9
2003,7
2003,10
2003,13
2003,1
2003,12
2003,7
2003,12
2003,12
2003,10
2003,1
2003,11
2003,1
2003,1
2003,10
2003,8
2003,8
2003,8
2003,7
2003,5
2003,12
2003,7
2003,7
2003,9
2003,11
2003,9
2003,9
2003,5
2003,1
2003,9
2003,17
2003,12
2003,5
2003,6
2003,6
2003,12
2003,8
2003,13
2003,1
2003,8
2003,8
2003,10
2003,4
2003,7
2003,5
2003,11
2003,3
2003,11
2003,11
2003,7
2003,13
2003,10
2003,5
2003,6
2003,11
2003,7
2004,11
2004,19
2004,10
2004,10
2004,12
2004,1
2004,13
2004,8
2004,7
2004,12
2004,11
2004,8
2004,9
2004,10
2004,7
2004,1
2004,8
2004,8
2004,13
2004,10
2004,11
2004,8
2004,2
2004,4
2004,11
2004,12
2004,8
2004,8
2004,7
2004,14
2004,11
2004,11
2004,1
2004,9
2004,11
2004,9
2004,11
2004,12
2004,12
2004,1
2004,12
2004,1
2004,14
2004,10
2004,14
2004,10
2004,7
2004,19
2004,9
2004,12
2004,18
2004,8
2004,1
2004,13
2004,12
2004,9
2004,11
2004,1
2004,8
2004,13
2004,19
2004,7
2004,20
2004,4
2004,10
2004,10
2004,10
2004,14
2004,10
2004,17
2004,10
2004,6
2004,9
2004,11
2004,3
2004,1
2004,12
2004,11
2004,10
2004,10
2004,18
2004,9
2004,2
2004,8
2004,1
2004,10
2004,19
2004,5
2004,8
2004,13
2004,14
2004,12
2004,1
2004,11
2004,13
2004,7
2004,13
2004,15
2004,10
2004,15
2004,11
2004,1
2004,15
2004,17
2004,9
2004,6
2004,8
2004,11
2004,7
2004,15
2004,13
2004,10
2004,11
2004,11
2004,7
2004,7
2004,12
2004,12
2004,11
2004,11
2004,14
2004,17
2004,8
2004,12
2004,19
2004,15
2004,15
2004,9
2004,9
2004,5
2004,9
2004,11
2004,1
2004,10
2004,19
2004,9
2004,12
2004,12
2004,11
2004,11
2004,5
2004,1
2004,16
2004,9
2004,13
2004,5
2004,9
2004,10
2004,9
2004,4
2004,14
2004,9
2004,9
2004,11
2004,9
2004,14
2004,7
2004,11
2004,12
2004,16
2004,6
2004,8
2004,9
2004,8
2004,7
2004,10
2004,11
2004,1
2004,15
2004,13
2004,6
2004,11
2004,10
2004,10
2004,1
2004,8
2004,11
2004,20
2004,6
2004,9
2004,14
2004,11
2004,11
2004,9
2004,7
2004,13
2004,11
2004,14
2004,7
2004,10
2004,12
2004,16
2004,22
2004,12
2004,14
2004,12
2004,12
2004,14
2004,13
2004,12
2004,11
2004,12
2004,6
2004,11
2004,15
2004,11
2004,14
2004,11
2004,2
2004,16
2004,24
2004,7
2004,11
2004,12
2004,6
2004,5
2004,57
2004,9
2004,15
2004,12
2004,12
2004,17
2004,15
2004,14
2004,10
2004,9
2004,7
2004,16
2004,8
2004,11
2004,14
2004,10
2004,6
2004,10
2004,1
2004,17
2004,10
2004,7
2004,17
2004,4
2004,6
2004,12
2004,1
2004,11
2004,14
2004,12
2004,8
2004,12
2004,9
2004,11
2004,9
2004,7
2004,11
2004,14
2004,6
2004,11
2004,12
2004,11
2004,21
2004,10
2004,8
2004,13
2004,11
2004,16
2004,9
2004,1
2004,13
2004,14
2004,5
2004,11
2004,12
2004,15
2004,8
2004,1
2004,16
2004,11
2004,12
2004,14
2004,11
2004,12
2004,12
2005,51
2005,2
2005,1
2005,10
2005,15
2005,10
2005,9
2005,10
2005,15
2005,13
2005,12
2005,17
2005,3
2005,12
2005,14
2005,9
2005,7
2005,10
2005,1
2005,1
2005,10
2005,20
2005,7
2005,12
2005,17
2005,11
2005,16
2005,3
2005,1
2005,23
2005,24
2005,10
2005,13
2005,9
2005,18
2005,2
2005,1
2005,14
2005,12
2005,23
2005,15
2005,6
2005,10
2005,10
2005,15
2005,1
2005,13
2005,14
2005,12
2005,6
2005,7
2005,16
2005,13
2005,10
2005,16
2005,14
2005,9
2005,11
2005,8
2005,10
2005,14
2005,1
2005,20
2005,21
2005,16
2005,14
2005,15
2005,18
2005,11
2005,18
2005,12
2005,10
2005,10
2005,12
2005,14
2005,8
2005,1
2005,13
2005,13
2005,15
2005,8
2005,11
2005,10
2005,21
2005,15
2005,19
2005,11
2005,11
2005,14
2005,18
2005,15
2005,15
2005,11
2005,12
2005,15
2005,12
2005,14
2005,1
2005,20
2005,12
2005,7
2005,16
2005,10
2005,13
2005,10
2005,17
2005,10
2005,13
2005,16
2005,10
2005,12
2005,8
2005,1
2005,14
2005,1
2005,19
2005,14
2005,16
2005,7
2005,19
2005,14
2005,19
2005,1
2005,11
2005,2
2005,16
2005,21
2005,18
2005,18
2005,13
2005,13
2005,2
2005,16
2005,1
2005,17
2005,19
2005,14
2005,14
2005,11
2005,6
2005,11
2005,10
2005,13
2005,12
2005,11
2005,7
2005,10
2005,11
2005,1
2005,1
2005,15
2005,12
2005,19
2005,7
2005,18
2005,10
2005,16
2005,17
2005,21
2005,14
2005,16
2005,10
2005,12
2005,20
2005,12
2005,19
2005,14
2005,12
2005,14
2005,14
2005,9
2005,12
2005,18
2005,11
2005,20
2005,14
2005,10
2005,12
2005,9
2005,9
2005,15
2005,1
2005,26
2005,10
2005,12
2005,19
2005,13
2005,15
2005,16
2005,9
2005,1
2005,1
2005,25
2005,16
2005,4
2005,17
2005,12
2005,17
2005,16
2005,20
2005,13
2005,18
2005,16
2005,16
2005,19
2005,8
2005,20
2005,22
2005,1
2005,20
2005,16
2005,11
2005,8
2005,11
2005,13
2005,17
2005,16
2005,12
2005,13
2005,13
2005,14
2005,11
2005,12
2005,13
2005,14
2005,15
2005,14
2005,11
2005,14
2005,10
2005,6
2005,1
2005,17
2005,2
2005,19
2005,21
2005,16
2005,14
2005,16
2005,11
2005,17
2005,16
2005,18
2005,9
2005,14
2005,11
2005,11
2005,1
2005,12
2005,19
2005,14
2005,6
2005,11
2005,10
2005,11
2005,7
2005,10
2005,2
2005,7
2005,8
2005,16
2005,14
2005,14
2005,13
2005,18
2005,3
2005,22
2005,21
2005,13
2005,25
2005,10
2005,12
2005,11
2005,20
2005,11
2005,11
2005,8
2005,27
2005,21
2005,15
2005,10
2005,18
2005,2
2006,20
2006,10
2006,14
2006,13
2006,13
2006,14
2006,17
2006,1
2006,1
2006,15
2006,12
2006,15
2006,17
2006,13
2006,14
2006,1
2006,12
2006,26
2006,13
2006,13
2006,8
2006,10
2006,11
2006,19
2006,16
2006,1
2006,13
2006,16
2006,17
2006,11
2006,14
2006,1
2006,16
2006,19
2006,1
2006,23
2006,24
2006,19
2006,15
2006,8
2006,13
2006,14
2006,10
2006,13
2006,18
2006,13
2006,13
2006,22
2006,21
2006,20
2006,22
2006,30
2006,17
2006,19
2006,11
2006,18
2006,19
2006,16
2006,12
2006,29
2006,18
2006,20
2006,22
2006,19
2006,20
2006,1
2006,25
2006,21
2006,9
2006,12
2006,9
2006,21
2006,2
2006,13
2006,14
2006,7
2006,16
2006,13
2006,8
2006,12
2006,16
2006,20
2006,21
2006,20
2006,15
2006,11
2006,15
2006,24
2006,2
2006,16
2006,17
2006,11
2006,11
2006,16
2006,10
2006,19
2006,1
2006,16
2006,1
2006,19
2006,13
2006,13
2006,15
2006,22
2006,14
2006,4
2006,17
2006,14
2006,18
2006,8
2006,14
2006,20
2006,19
2006,1
2006,1
2006,18
2006,1
2006,17
2006,28
2006,16
2006,14
2006,18
2006,17
2006,13
2006,16
2006,25
2006,20
2006,12
2006,15
2006,15
2006,13
2006,17
2006,1
2006,1
2006,29
2006,21
2006,11
2006,9
2006,15
2006,19
2006,11
2006,2
2006,38
2006,9
2006,18
2006,14
2006,12
2006,13
2006,13
2006,22
2006,14
2006,10
2006,14
2006,24
2006,14
2006,13
2006,18
2006,20
2006,11
2006,8
2006,15
2006,22
2006,12
2006,16
2006,5
2006,11
2006,2
2006,1
2006,19
2006,21
2006,14
2006,15
2006,14
2006,7
2006,13
2006,12
2006,1
2006,13
2006,1
2006,17
2006,14
2006,18
2006,23
2006,12
2006,6
2006,17
2006,15
2006,18
2006,15
2006,15
2006,13
2006,13
2006,17
2006,20
2006,18
2006,18
2006,17
2006,19
2006,15
2006,9
2006,19
2006,13
2006,19
2006,11
2006,16
2006,25
2006,17
2006,22
2006,9
2006,26
2006,17
2006,1
2006,16
2006,13
2006,5
2006,15
2006,7
2006,15
2006,15
2006,11
2006,14
2006,14
2006,16
2006,13
2006,10
2006,9
2006,23
2006,11
2006,17
2006,16
2006,11
2006,15
2006,3
2006,1
2006,24
2006,2
2006,23
2006,17
2006,14
2006,13
2006,16
2006,1
2006,23
2006,20
2006,16
2006,11
2006,11
2006,21
2006,10
2006,15
2006,1
2006,21
2006,26
2006,24
2006,15
2006,18
2006,15
2006,11
2006,20
2006,1
2006,1
2006,16
2006,17
2006,18
2006,16
2006,12
2006,11
2006,1
2006,4
2006,23
2006,19
2006,14
2006,21
2006,18
2006,17
2006,10
2006,1
2006,1
2006,16
2006,13
2006,14
2006,26
2006,14
2006,19
2006,23
2006,13
2006,15
2007,25
2007,20
2007,16
2007,15
2007,9
2007,17
2007,25
2007,14
2007,20
2007,17
2007,12
2007,19
2007,24
2007,17
2007,21
2007,2
2007,13
2007,16
2007,12
2007,18
2007,18
2007,14
2007,30
2007,17
2007,1
2007,2
2007,24
2007,27
2007,18
2007,24
2007,12
2007,12
2007,18
2007,18
2007,15
2007,19
2007,17
2007,18
2007,20
2007,14
2007,24
2007,18
2007,3
2007,21
2007,23
2007,26
2007,20
2007,20
2007,16
2007,4
2007,19
2007,31
2007,22
2007,28
2007,23
2007,11
2007,18
2007,12
2007,21
2007,14
2007,13
2007,12
2007,15
2007,15
2007,12
2007,24
2007,20
2007,1
2007,13
2007,13
2007,8
2007,18
2007,19
2007,1
2007,32
2007,15
2007,12
2007,21
2007,6
2007,17
2007,16
2007,18
2007,16
2007,1
2007,15
2007,18
2007,18
2007,19
2007,22
2007,15
2007,22
2007,23
2007,19
2007,18
2007,11
2007,14
2007,10
2007,17
2007,18
2007,12
2007,1
2007,19
2007,17
2007,18
2007,23
2007,19
2007,1
2007,17
2007,3
2007,13
2007,1
2007,15
2007,24
2007,14
2007,20
2007,13
2007,17
2007,21
2007,18
2007,1
2007,1
2007,15
2007,22
2007,20
2007,15
2007,8
2007,18
2007,2
2007,1
2007,17
2007,16
2007,21
2007,23
2007,15
2007,15
2007,15
2007,11
2007,2
2007,13
2007,16
2007,16
2007,25
2007,17
2007,17
2007,13
2007,11
2007,40
2007,13
2007,17
2007,16
2007,16
2007,16
2007,24
2007,22
2007,1
2007,23
2007,22
2007,16
2007,18
2007,14
2007,16
2007,17
2007,19
2007,20
2007,11
2007,11
2007,17
2007,10
2007,13
2007,15
2007,1
2007,34
2007,19
2007,9
2007,24
2007,9
2007,11
2007,20
2007,22
2007,4
2007,20
2007,21
2007,13
2007,11
2007,11
2007,16
2007,1
2007,19
2007,17
2007,15
2007,20
2007,16
2007,15
2007,18
2007,21
2007,20
2007,1
2007,18
2007,21
2007,12
2007,17
2007,27
2007,28
2007,19
2007,23
2007,16
2007,14
2007,13
2007,20
2007,20
2007,13
2007,1
2007,1
2007,24
2007,15
2007,15
2007,17
2007,13
2007,11
2007,2
2007,26
2007,15
2007,17
2007,23
2007,10
2007,10
2007,1
2007,11
2007,16
2007,13
2007,14
2007,24
2007,9
2007,14
2007,17
2007,15
2007,1
2007,29
2007,21
2007,17
2007,25
2007,22
2007,14
2007,1
2007,1
2007,12
2007,18
2007,17
2007,16
2007,19
2007,20
2007,21
2007,20
2007,17
2007,17
2007,24
2007,14
2007,16
2007,1
2007,15
2007,1
2007,18
2007,21
2007,30
2007,13
2007,18
2007,13
2007,14
2007,22
2007,13
2007,19
2007,19
2007,21
2007,19
2007,24
2007,2
2007,16
2007,28
2007,1
2007,19
2007,15
2007,18
2007,14
2007,11
2007,13
2007,9
2007,6
2008,20
2008,18
2008,18
2008,22
2008,15
2008,13
2008,1
2008,25
2008,1
2008,19
2008,20
2008,20
2008,21
2008,20
2008,18
2008,23
2008,1
2008,35
2008,21
2008,17
2008,16
2008,19
2008,1
2008,15
2008,18
2008,21
2008,14
2008,20
2008,27
2008,13
2008,15
2008,18
2008,1
2008,18
2008,11
2008,22
2008,21
2008,20
2008,19
2008,18
2008,20
2008,1
2008,14
2008,25
2008,19
2008,21
2008,18
2008,13
2008,15
2008,24
2008,26
2008,20
2008,16
2008,17
2008,18
2008,13
2008,16
2008,2
2008,19
2008,3
2008,20
2008,20
2008,16
2008,22
2008,25
2008,6
2008,15
2008,12
2008,12
2008,21
2008,9
2008,33
2008,8
2008,12
2008,16
2008,20
2008,27
2008,25
2008,13
2008,12
2008,21
2008,16
2008,15
2008,18
2008,22
2008,21
2008,19
2008,12
2008,19
2008,16
2008,18
2008,23
2008,1
2008,1
2008,19
2008,16
2008,14
2008,13
2008,15
2008,6
2008,14
2008,1
2008,6
2008,16
2008,15
2008,16
2008,18
2008,15
2008,22
2008,28
2008,13
2008,1
2008,1
2008,20
2008,21
2008,13
2008,14
2008,15
2008,12
2008,12
2008,2
2008,12
2008,3
2008,2
2008,25
2008,20
2008,20
2008,14
2008,21
2008,14
2008,21
2008,1
2008,1
2008,1
2008,9
2008,16
2008,18
2008,12
2008,11
2008,15
2008,18
2008,29
2008,17
2008,15
2008,16
2008,11
2008,13
2008,14
2008,13
2008,15
2008,14
2008,25
2008,18
2008,24
2008,14
2008,19
2008,2
2008,21
2008,1
2008,20
2008,29
2008,18
2008,18
2008,11
2008,17
2008,24
2008,1
2008,1
2008,24
2008,17
2008,13
2008,16
2008,17
2008,27
2008,24
2008,22
2008,1
2008,14
2008,25
2008,20
2008,25
2008,13
2008,18
2008,17
2008,22
2008,25
2008,19
2008,10
2008,14
2008,20
2008,16
2008,23
2008,25
2008,22
2008,22
2008,23
2008,19
2008,24
2008,2
2008,16
2008,1
2008,17
2008,26
2008,15
2008,17
2008,25
2008,23
2008,17
2008,21
2008,17
2008,18
2008,14
2008,21
2008,11
2008,16
2008,24
2008,27
2008,19
2008,2
2008,12
2008,22
2008,14
2008,20
2008,1
2008,28
2008,16
2008,26
2008,18
2008,12
2008,20
2008,18
2008,2
2008,26
2008,22
2008,24
2008,17
2008,28
2008,17
2008,23
2008,23
2008,11
2008,16
2008,23
2008,16
2008,18
2008,17
2008,23
2008,18
2008,23
2008,16
2008,15
2008,20
2008,12
2008,15
2008,1
2008,12
2008,22
2008,19
2008,13
2008,18
2008,16
2008,18
2008,1
2008,1
2008,1
2008,20
2008,23
2008,17
2008,20
2008,15
2008,23
2008,22
2008,20
2008,23
2008,21
2008,20
2008,14
2008,16
2008,25
2008,18
2008,15
2008,1
2008,14
2008,19
2008,13
2008,13
2008,22
2008,14
2008,1
2008,14
2009,1
2009,23
2009,23
2009,19
2009,18
2009,25
2009,19
2009,1
2009,34
2009,16
2009,15
2009,13
2009,19
2009,22
2009,11
2009,14
2009,1
2009,20
2009,12
2009,28
2009,32
2009,25
2009,20
2009,22
2009,1
2009,20
2009,3
2009,31
2009,1
2009,27
2009,13
2009,20
2009,23
2009,17
2009,1
2009,1
2009,1
2009,26
2009,15
2009,22
2009,19
2009,25
2009,15
2009,16
2009,2
2009,18
2009,1
2009,27
2009,29
2009,15
2009,20
2009,23
2009,27
2009,22
2009,19
2009,17
2009,27
2009,14
2009,17
2009,21
2009,17
2009,15
2009,1
2009,17
2009,21
2009,19
2009,20
2009,22
2009,17
2009,13
2009,25
2009,21
2009,13
2009,12
2009,9
2009,10
2009,25
2009,23
2009,26
2009,1
2009,12
2009,2
2009,12
2009,24
2009,13
2009,15
2009,2
2009,21
2009,1
2009,1
2009,27
2009,23
2009,29
2009,23
2009,22
2009,25
2009,22
2009,1
2009,12
2009,22
2009,17
2009,15
2009,15
2009,26
2009,17
2009,26
2009,2
2009,28
2009,26
2009,16
2009,27
2009,35
2009,17
2009,25
2009,19
2009,21
2009,20
2009,31
2009,18
2009,21
2009,16
2009,14
2009,1
2009,23
2009,1
2009,21
2009,22
2009,21
2009,23
2009,19
2009,25
2009,19
2009,16
2009,18
2009,30
2009,17
2009,13
2009,22
2009,1
2009,16
2009,22
2009,28
2009,27
2009,25
2009,20
2009,18
2009,22
2009,19
2009,23
2009,21
2009,18
2009,22
2009,29
2009,19
2009,18
2009,24
2009,25
2009,15
2009,17
2009,22
2009,25
2009,17
2009,28
2009,24
2009,20
2009,22
2009,30
2009,16
2009,24
2009,1
2009,23
2009,17
2009,26
2009,18
2009,24
2009,24
2009,21
2009,17
2009,1
2009,28
2009,21
2009,23
2009,25
2009,21
2009,24
2009,21
2009,14
2009,1
2009,14
2009,22
2009,23
2009,21
2009,26
2009,18
2009,36
2009,22
2009,2
2009,23
2009,20
2009,21
2009,25
2009,11
2009,19
2009,24
2009,1
2009,24
2009,11
2009,16
2009,15
2009,20
2009,19
2009,22
2009,24
2009,2
2009,16
2009,12
2009,12
2009,50
2009,20
2009,1
2009,22
2009,1
2009,1
2009,28
2009,19
2009,22
2009,30
2009,22
2009,17
2009,16
2009,22
2009,24
2009,20
2009,19
2009,14
2009,18
2009,17
2009,20
2009,1
2009,25
2009,28
2009,26
2009,13
2009,22
2009,24
2009,18
2009,14
2009,19
2009,29
2009,21
2009,27
2009,26
2009,16
2009,19
2009,1
2009,19
2009,1
2009,15
2009,14
2009,26
2009,16
2009,22
2009,24
2009,18
2009,18
2009,1
2009,20
2009,21
2009,24
2009,14
2009,22
2009,1
2009,19
2009,1
2009,26
2009,1
2009,12
2009,20
2009,19
2009,34
2009,10
2009,12
2009,21
2009,30
2009,26
2009,25
2009,1
2009,21
2009,16
2009,15
2009,24
2009,17
2009,7
2009,1
2010,11
2010,23
2010,30
2010,28
2010,22
2010,21
2010,30
2010,20
2010,24
2010,23
2010,24
2010,27
2010,16
2010,20
2010,28
2010,2
2010,19
2010,29
2010,27
2010,16
2010,23
2010,30
2010,27
2010,22
2010,31
2010,24
2010,18
2010,39
2010,23
2010,19
2010,22
2010,1
2010,24
2010,20
2010,19
2010,16
2010,17
2010,27
2010,28
2010,19
2010,26
2010,21
2010,3
2010,23
2010,1
2010,23
2010,32
2010,20
2010,19
2010,17
2010,2
2010,29
2010,28
2010,21
2010,22
2010,16
2010,22
2010,21
2010,24
2010,18
2010,1
2010,20
2010,26
2010,25
2010,27
2010,12
2010,11
2010,1
2010,21
2010,25
2010,11
2010,9
2010,12
2010,13
2010,20
2010,1
2010,25
2010,1
2010,23
2010,21
2010,24
2010,26
2010,19
2010,20
2010,28
2010,26
2010,25
2010,21
2010,29
2010,27
2010,20
2010,1
2010,24
2010,1
2010,19
2010,28
2010,26
2010,24
2010,25
2010,20
2010,1
2010,2
2010,31
2010,27
2010,30
2010,24
2010,20
2010,15
2010,26
2010,32
2010,1
2010,34
2010,23
2010,24
2010,22
2010,19
2010,20
2010,1
2010,26
2010,1
2010,27
2010,34
2010,29
2010,22
2010,22
2010,22
2010,20
2010,2
2010,1
2010,26
2010,23
2010,13
2010,26
2010,23
2010,25
2010,24
2010,25
2010,1
2010,37
2010,23
2010,18
2010,18
2010,19
2010,14
2010,11
2010,9
2010,34
2010,1
2010,26
2010,23
2010,26
2010,25
2010,22
2010,1
2010,21
2010,1
2010,23
2010,2
2010,26
2010,17
2010,26
2010,20
2010,35
2010,27
2010,19
2010,21
2010,21
2010,20
2010,25
2010,18
2010,21
2010,23
2010,28
2010,2
2010,36
2010,2
2010,22
2010,25
2010,15
2010,20
2010,28
2010,28
2010,22
2010,23
2010,1
2010,16
2010,24
2010,28
2010,23
2010,24
2010,32
2010,1
2010,1
2010,24
2010,22
2010,17
2010,23
2010,18
2010,17
2010,14
2010,17
2010,28
2010,18
2010,19
2010,21
2010,27
2010,17
2010,15
2010,2
2010,29
2010,1
2010,27
2010,31
2010,24
2010,22
2010,18
2010,23
2010,20
2010,1
2010,26
2010,2
2010,17
2010,1
2010,16
2010,18
2010,37
2010,2
2010,1
2010,28
2010,10
2010,19
2010,16
2010,27
2010,19
2010,19
2010,20
2010,18
2010,24
2010,27
2010,24
2010,21
2010,29
2010,24
2010,27
2010,1
2010,1
2010,1
2010,28
2010,28
2010,25
2010,28
2010,27
2010,26
2010,27
2010,1
2010,23
2010,23
2010,17
2010,32
2010,22
2010,22
2010,3
2010,1
2010,1
2010,28
2010,21
2010,37
2010,28
2010,23
2010,24
2010,23
2010,22
2010,23
2010,22
2010,21
2010,20
2010,29
2010,21
2010,25
2010,26
2010,23
2010,23
2010,21
2010,22
2010,19
2010,18
2010,26
2010,37
2010,1
2010,18
2010,23
2010,11
2010,27
2010,19
2010,19
2010,21
2010,6
2011,31
2011,29
2011,27
2011,29
2011,31
2011,19
2011,28
2011,29
2011,1
2011,1
2011,29
2011,26
2011,22
2011,24
2011,10
2011,14
2011,25
2011,29
2011,18
2011,1
2011,21
2011,32
2011,20
2011,27
2011,22
2011,1
2011,26
2011,1
2011,33
2011,31
2011,29
2011,17
2011,21
2011,18
2011,23
2011,20
2011,23
2011,32
2011,21
2011,21
2011,28
2011,20
2011,23
2011,1
2011,27
2011,29
2011,28
2011,20
2011,23
2011,27
2011,25
2011,27
2011,1
2011,1
2011,30
2011,30
2011,23
2011,30
2011,21
2011,17
2011,20
2011,30
2011,24
2011,24
2011,27
2011,24
2011,31
2011,23
2011,38
2011,25
2011,29
2011,16
2011,23
2011,1
2011,34
2011,1
2011,19
2011,31
2011,25
2011,24
2011,29
2011,22
2011,20
2011,32
2011,2
2011,25
2011,28
2011,33
2011,18
2011,24
2011,1
2011,27
2011,21
2011,31
2011,24
2011,26
2011,31
2011,23
2011,18
2011,1
2011,24
2011,27
2011,15
2011,18
2011,25
2011,29
2011,24
2011,1
2011,23
2011,26
2011,25
2011,31
2011,32
2011,23
2011,28
2011,29
2011,14
2011,27
2011,34
2011,20
2011,33
2011,23
2011,21
2011,1
2011,2
2011,26
2011,1
2011,25
2011,33
2011,23
2011,23
2011,36
2011,22
2011,27
2011,21
2011,1
2011,1
2011,34
2011,1
2011,26
2011,31
2011,25
2011,15
2011,1
2011,13
2011,1
2011,32
2011,34
2011,28
2011,28
2011,31
2011,15
2011,23
2011,1
2011,1
2011,26
2011,1
2011,21
2011,24
2011,21
2011,24
2011,21
2011,21
2011,1
2011,1
2011,26
2011,25
2011,28
2011,20
2011,21
2011,25
2011,28
2011,24
2011,1
2011,32
2011,35
2011,30
2011,34
2011,17
2011,29
2011,1
2011,22
2011,30
2011,19
2011,32
2011,32
2011,21
2011,17
2011,18
2011,2
2011,1
2011,34
2011,29
2011,20
2011,28
2011,26
2011,19
2011,24
2011,19
2011,35
2011,35
2011,30
2011,28
2011,16
2011,26
2011,17
2011,32
2011,1
2011,25
2011,27
2011,25
2011,28
2011,21
2011,24
2011,33
2011,31
2011,2
2011,1
2011,33
2011,1
2011,21
2011,35
2011,21
2011,25
2011,20
2011,21
2011,1
2011,38
2011,34
2011,18
2011,31
2011,14
2011,20
2011,27
2011,19
2011,4
2011,21
2011,18
2011,25
2011,22
2011,21
2011,28
2011,19
2011,17
2011,25
2011,3
2011,22
2011,25
2011,16
2011,26
2011,1
2011,25
2011,39
2011,28
2011,32
2011,24
2011,26
2011,19
2011,26
2011,31
2011,18
2011,1
2011,17
2011,33
2011,25
2011,12
2011,16
2011,18
2011,1
2011,1
2011,27
2011,26
2011,25
2011,34
2011,31
2011,26
2011,23
2011,2
2011,27
2011,24
2011,2
2011,27
2011,29
2011,24
2011,29
2011,37
2011,34
2011,29
2011,1
2011,28
2011,28
2011,18
2011,22
2011,18
2011,20
2011,19
2011,20
2012,30
2012,30
2012,26
2012,35
2012,15
2012,21
2012,1
2012,28
2012,1
2012,1
2012,27
2012,32
2012,28
2012,31
2012,30
2012,26
2012,34
2012,26
2012,30
2012,2
2012,1
2012,33
2012,33
2012,29
2012,34
2012,31
2012,22
2012,4
2012,4
2012,32
2012,27
2012,21
2012,15
2012,16
2012,27
2012,30
2012,22
2012,17
2012,1
2012,36
2012,25
2012,21
2012,29
2012,22
2012,13
2012,1
2012,34
2012,19
2012,32
2012,24
2012,30
2012,29
2012,34
2012,29
2012,26
2012,35
2012,1
2012,16
2012,26
2012,20
2012,37
2012,3
2012,21
2012,30
2012,29
2012,23
2012,31
2012,27
2012,24
2012,25
2012,38
2012,25
2012,1
2012,33
2012,37
2012,26
2012,4
2012,29
2012,33
2012,26
2012,19
2012,30
2012,28
2012,31
2012,30
2012,1
2012,1
2012,31
2012,33
2012,25
2012,28
2012,27
2012,16
2012,1
2012,19
2012,2
2012,1
2012,38
2012,1
2012,36
2012,33
2012,23
2012,24
2012,32
2012,22
2012,1
2012,34
2012,36
2012,26
2012,22
2012,23
2012,20
2012,26
2012,1
2012,1
2012,28
2012,22
2012,35
2012,29
2012,29
2012,24
2012,25
2012,28
2012,1
2012,3
2012,24
2012,41
2012,30
2012,21
2012,22
2012,21
2012,26
2012,23
2012,23
2012,28
2012,26
2012,23
2012,21
2012,28
2012,32
2012,27
2012,27
2012,27
2012,32
2012,33
2012,33
2012,26
2012,17
2012,22
2012,1
2012,1
2012,35
2012,33
2012,26
2012,26
2012,25
2012,22
2012,24
2012,21
2012,30
2012,22
2012,2
2012,30
2012,30
2012,26
2012,18
2012,25
2012,29
2012,31
2012,2
2012,25
2012,31
2012,28
2012,36
2012,19
2012,26
2012,22
2012,1
2012,30
2012,31
2012,32
2012,34
2012,1
2012,26
2012,30
2012,1
2012,40
2012,1
2012,34
2012,28
2012,16
2012,15
2012,25
2012,23
2012,19
2012,22
2012,25
2012,1
2012,27
2012,32
2012,23
2012,33
2012,1
2012,29
2012,38
2012,38
2012,32
2012,36
2012,27
2012,18
2012,19
2012,26
2012,18
2012,1
2012,19
2012,27
2012,39
2012,23
2012,29
2012,25
2012,1
2012,28
2012,27
2012,8
2012,22
2012,23
2012,29
2012,25
2012,23
2012,35
2012,29
2012,1
2012,37
2012,34
2012,29
2012,22
2012,23
2012,35
2012,2
2012,32
2012,2
2012,28
2012,26
2012,29
2012,19
2012,27
2012,29
2012,26
2012,2
2012,26
2012,35
2012,31
2012,29
2012,39
2012,28
2012,24
2012,28
2012,30
2012,32
2012,24
2012,24
2012,21
2012,19
2012,27
2012,1
2012,29
2012,30
2012,28
2012,25
2012,20
2012,28
2012,30
2012,24
2012,42
2012,23
2012,28
2012,34
2012,32
2012,30
2012,2
2012,37
2012,32
2012,31
2012,35
2012,29
2012,23
2012,20
2012,22
2012,1
2012,32
2012,30
2012,32
2012,28
2012,29
2012,30
2012,26
2013,37
2013,29
2013,31
2013,29
2013,34
2013,26
2013,36
2013,32
2013,1
2013,3
2013,40
2013,26
2013,29
2013,32
2013,28
2013,29
2013,2
2013,1
2013,46
2013,24
2013,25
2013,29
2013,22
2013,34
2013,22
2013,1
2013,1
2013,36
2013,28
2013,30
2013,26
2013,32
2013,27
2013,39
2013,35
2013,2
2013,22
2013,24
2013,35
2013,29
2013,25
2013,20
2013,1
2013,41
2013,26
2013,20
2013,1
2013,26
2013,24
2013,31
2013,35
2013,23
2013,2
2013,1
2013,1
2013,30
2013,29
2013,32
2013,39
2013,20
2013,27
2013,24
2013,24
2013,3
2013,2
2013,32
2013,18
2013,33
2013,28
2013,35
2013,27
2013,32
2013,31
2013,1
2013,1
2013,25
2013,21
2013,19
2013,38
2013,28
2013,20
2013,22
2013,1
2013,29
2013,36
2013,31
2013,24
2013,21
2013,33
2013,1
2013,3
2013,37
2013,29
2013,24
2013,24
2013,23
2013,20
2013,35
2013,27
2013,35
2013,25
2013,2
2013,35
2013,30
2013,36
2013,33
2013,1
2013,30
2013,30
2013,36
2013,33
2013,30
2013,40
2013,31
2013,31
2013,18
2013,20
2013,34
2013,1
2013,25
2013,27
2013,1
2013,32
2013,26
2013,20
2013,28
2013,29
2013,1
2013,31
2013,33
2013,36
2013,48
2013,29
2013,36
2013,22
2013,29
2013,38
2013,27
2013,27
2013,28
2013,42
2013,27
2013,40
2013,1
2013,1
2013,37
2013,1
2013,34
2013,27
2013,28
2013,32
2013,22
2013,17
2013,2
2013,2
2013,45
2013,24
2013,27
2013,30
2013,36
2013,39
2013,30
2013,27
2013,1
2013,1
2013,44
2013,32
2013,25
2013,36
2013,30
2013,23
2013,21
2013,22
2013,1
2013,1
2013,46
2013,29
2013,27
2013,29
2013,24
2013,20
2013,32
2013,33
2013,1
2013,1
2013,34
2013,30
2013,26
2013,21
2013,24
2013,25
2013,1
2013,1
2013,33
2013,30
2013,25
2013,26
2013,20
2013,25
2013,25
2013,28
2013,36
2013,22
2013,28
2013,25
2013,40
2013,33
2013,31
2013,31
2013,2
2013,33
2013,25
2013,38
2013,27
2013,28
2013,36
2013,26
2013,1
2013,1
2013,46
2013,34
2013,26
2013,25
2013,27
2013,25
2013,33
2013,1
2013,43
2013,23
2013,18
2013,36
2013,34
2013,33
2013,41
2013,32
2013,36
2013,1
2013,35
2013,22
2013,27
2013,27
2013,30
2013,26
2013,23
2013,22
2013,22
2013,1
2013,21
2013,29
2013,34
2013,23
2013,41
2013,40
2013,2
2013,35
2013,2
2013,26
2013,1
2013,24
2013,25
2013,28
2013,33
2013,31
2013,19
2013,1
2013,30
2013,20
2013,26
2013,29
2013,38
2013,26
2013,29
2013,30
2013,27
2013,25
2013,28
2013,31
2013,17
2013,35
2013,31
2013,4
2013,2
2013,33
2013,32
2013,28
2013,31
2013,23
2013,40
2013,43
2013,3
2013,46
2013,32
2013,25
2013,25
2013,30
2013,22
2013,30
2013,30
2013,37
2013,1
2013,1
2013,37
2013,36
2013,41
2013,21
2013,36
2014,1
2014,45
2014,2
2014,47
2014,39
2014,36
2014,25
2014,30
2014,36
2014,39
2014,27
2014,1
2014,41
2014,1
2014,35
2014,44
2014,26
2014,48
2014,3
2014,34
2014,2
2014,24
2014,35
2014,31
2014,39
2014,31
2014,31
2014,44
2014,1
2014,51
2014,29
2014,30
2014,35
2014,30
2014,34
2014,31
2014,2
2014,1
2014,34
2014,1
2014,35
2014,23
2014,41
2014,38
2014,25
2014,39
2014,26
2014,36
2014,1
2014,31
2014,39
2014,42
2014,37
2014,41
2014,42
2014,2
2014,39
2014,25
2014,30
2014,32
2014,24
2014,35
2014,39
2014,30
2014,29
2014,43
2014,2
2014,36
2014,32
2014,45
2014,40
2014,23
2014,1
2014,38
2014,25
2014,25
2014,31
2014,29
2014,23
2014,40
2014,24
2014,2
2014,1
2014,24
2014,24
2014,24
2014,30
2014,34
2014,29
2014,31
2014,29
2014,3
2014,2
2014,34
2014,53
2014,31
2014,21
2014,35
2014,31
2014,24
2014,42
2014,37
2014,50
2014,39
2014,27
2014,43
2014,43
2014,34
2014,1
2014,37
2014,27
2014,25
2014,41
2014,33
2014,31
2014,34
2014,23
2014,1
2014,1
2014,29
2014,29
2014,37
2014,21
2014,30
2014,26
2014,26
2014,37
2014,1
2014,1
2014,33
2014,34
2014,40
2014,30
2014,34
2014,30
2014,44
2014,50
2014,26
2014,32
2014,36
2014,48
2014,26
2014,38
2014,1
2014,2
2014,41
2014,45
2014,38
2014,33
2014,35
2014,41
2014,29
2014,25
2014,1
2014,1
2014,41
2014,2
2014,42
2014,28
2014,39
2014,38
2014,34
2014,1
2014,42
2014,39
2014,2
2014,36
2014,32
2014,40
2014,34
2014,28
2014,33
2014,32
2014,37
2014,33
2014,29
2014,31
2014,40
2014,30
2014,37
2014,1
2014,36
2014,3
2014,1
2014,38
2014,37
2014,36
2014,31
2014,26
2014,44
2014,31
2014,37
2014,33
2014,38
2014,37
2014,45
2014,37
2014,24
2014,1
2014,25
2014,28
2014,45
2014,32
2014,34
2014,25
2014,33
2014,43
2014,44
2014,43
2014,38
2014,34
2014,28
2014,32
2014,27
2014,46
2014,45
2014,39
2014,40
2014,40
2014,40
2014,22
2014,41
2014,36
2014,35
2014,24
2014,48
2014,28
2014,38
2014,34
2014,35
2014,3
2014,1
2014,29
2014,37
2014,33
2014,37
2014,23
2014,38
2014,40
2014,3
2014,2
2014,32
2014,35
2014,34
2014,37
2014,35
2014,40
2014,43
2014,38
2014,1
2014,1
2014,1
2014,1
2014,40
2014,35
2014,34
2014,24
2014,35
2014,33
2014,1
2014,29
2014,1
2014,36
2014,35
2014,37
2014,27
2014,33
2014,40
2014,31
2014,1
2014,1
2014,19
2014,33
2014,31
2014,33
2014,27
2014,39
2014,32
2014,29
2014,32
2014,35
2014,40
2014,27
2014,31
2014,44
2014,31
2014,29
2014,1
2014,32
2014,41
2014,41
2014,45
2014,28
2014,37
2014,51
2014,38
2014,1
2014,43
2014,30
2014,45
2014,23
2014,16
2015,28
2015,1
2015,1
2015,43
2015,51
2015,39
2015,47
2015,37
2015,40
2015,42
2015,43
2015,1
2015,1
2015,36
2015,46
2015,33
2015,37
2015,47
2015,36
2015,40
2015,1
2015,1
2015,61
2015,37
2015,41
2015,26
2015,37
2015,49
2015,48
2015,3
2015,2
2015,2
2015,1
2015,39
2015,40
2015,35
2015,34
2015,40
2015,31
2015,1
2015,1
2015,27
2015,1
2015,36
2015,43
2015,46
2015,40
2015,37
2015,49
2015,4
2015,2
2015,48
2015,30
2015,42
2015,56
2015,41
2015,40
2015,33
2015,34
2015,1
2015,1
2015,1
2015,34
2015,43
2015,41
2015,31
2015,36
2015,35
2015,2
2015,49
2015,34
2015,37
2015,38
2015,46
2015,41
2015,41
2015,41
2015,2
2015,36
2015,34
2015,48
2015,44
2015,31
2015,35
2015,1
2015,32
2015,40
2015,40
2015,33
2015,36
2015,41
2015,48
2015,40
2015,1
2015,45
2015,45
2015,34
2015,27
2015,43
2015,39
2015,35
2015,2
2015,2
2015,35
2015,1
2015,42
2015,37
2015,50
2015,42
2015,43
2015,33
2015,1
2015,38
2015,1
2015,48
2015,1
2015,44
2015,30
2015,27
2015,38
2015,39
2015,1
2015,39
2015,35
2015,1
2015,34
2015,52
2015,37
2015,34
2015,34
2015,31
2015,27
2015,27
2015,44
2015,46
2015,41
2015,38
2015,47
2015,2
2015,36
2015,2
2015,1
2015,36
2015,40
2015,33
2015,44
2015,45
2015,24
2015,31
2015,39
2015,47
2015,1
2015,38
2015,50
2015,47
2015,33
2015,12
2015,15
2015,31
2015,27
2015,1
2015,1
2015,1
2015,47
2015,39
2015,29
2015,29
2015,26
2015,43
2015,38
2015,2
2015,37
2015,43
2015,44
2015,37
2015,34
2015,32
2015,39
2015,1
2015,1
2015,31
2015,53
2015,34
2015,42
2015,41
2015,42
2015,32
2015,41
2015,1
2015,49
2015,38
2015,44
2015,35
2015,41
2015,43
2015,37
2015,33
2015,1
2015,1
2015,32
2015,32
2015,38
2015,37
2015,34
2015,36
2015,26
2015,33
2015,32
2015,1
2015,54
2015,37
2015,44
2015,36
2015,46
2015,28
2015,2
2015,1
2015,36
2015,42
2015,46
2015,31
2015,52
2015,38
2015,36
2015,35
2015,2
2015,3
2015,49
2015,45
2015,55
2015,30
2015,34
2015,40
2015,42
2015,1
2015,45
2015,30
2015,45
2015,42
2015,23
2015,31
2015,38
2015,1
2015,39
2015,3
2015,40
2015,3
2015,39
2015,39
2015,24
2015,32
2015,46
2015,2
2015,44
2015,56
2015,37
2015,44
2015,33
2015,46
2015,33
2015,47
2015,33
2015,1
2015,40
2015,42
2015,35
2015,38
2015,37
2015,36
2015,25
2015,1
2015,48
2015,1
2015,37
2015,55
2015,36
2015,31
2015,21
2015,49
2015,25
2015,21
2015,1
2015,35
2015,1
2015,38
2015,41
2015,44
2015,34
2015,47
2015,1
2015,34
2015,37
2015,41
2015,48
2015,36
2015,22
2015,41
2015,41
2015,38
2015,1
2015,38
2015,2
2015,41
2015,46
2015,61
2015,50
2015,25
2015,44
2015,3
2015,39
2015,3
2015,40
2015,52
2015,37
2015,41
2015,46
2015,26
2016,30
2016,41
2016,40
2016,45
2016,52
2016,52
2016,50
2016,60
2016,1
2016,64
2016,55
2016,46
2016,47
2016,50
2016,47
2016,41
2016,41
2016,1
2016,41
2016,41
2016,46
2016,48
2016,40
2016,2
2016,52
2016,2
2016,1
2016,49
2016,1
2016,28
2016,42
2016,51
2016,39
2016,51
2016,49
2016,39
2016,3
2016,34
2016,1
2016,51
2016,49
2016,41
2016,47
2016,42
2016,1
2016,42
2016,2
2016,51
2016,54
2016,43
2016,48
2016,34
2016,54
2016,43
2016,34
2016,1
2016,1
2016,47
2016,49
2016,65
2016,47
2016,51
2016,33
2016,1
2016,1
2016,53
2016,64
2016,46
2016,54
2016,40
2016,42
2016,54
2016,40
2016,39
2016,1
2016,48
2016,48
2016,49
2016,50
2016,42
2016,44
2016,40
2016,2
2016,1
2016,1
2016,60
2016,49
2016,48
2016,55
2016,45
2016,38
2016,54
2016,2
2016,47
2016,1
2016,41
2016,48
2016,43
2016,48
2016,39
2016,35
2016,1
2016,1
2016,2
2016,55
2016,64
2016,54
2016,48
2016,62
2016,38
2016,33
2016,51
2016,2
2016,62
2016,51
2016,47
2016,38
2016,43
2016,43
2016,1
2016,39
2016,3
2016,2
2016,49
2016,58
2016,50
2016,46
2016,42
2016,47
2016,48
2016,36
2016,3
2016,1
2016,1
2016,61
2016,56
2016,47
2016,47
2016,52
2016,45
2016,56
2016,51
2016,1
2016,1
2016,71
2016,66
2016,54
2016,27
2016,54
2016,43
2016,59
2016,41
2016,3
2016,4
2016,64
2016,50
2016,47
2016,46
2016,40
2016,45
2016,50
2016,3
2016,45
2016,44
2016,45
2016,42
2016,38
2016,52
2016,42
2016,42
2016,1
2016,4
2016,48
2016,43
2016,39
2016,57
2016,47
2016,41
2016,2
2016,48
2016,1
2016,57
2016,51
2016,43
2016,38
2016,57
2016,54
2016,44
2016,42
2016,1
2016,1
2016,46
2016,1
2016,46
2016,53
2016,45
2016,59
2016,2
2016,53
2016,2
2016,1
2016,62
2016,57
2016,46
2016,44
2016,40
2016,44
2016,43
2016,41
2016,1
2016,43
2016,42
2016,49
2016,56
2016,67
2016,45
2016,62
2016,1
2016,59
2016,61
2016,52
2016,50
2016,57
2016,50
2016,47
2016,56
2016,27
2016,41
2016,73
2016,1
2016,34
2016,62
2016,45
2016,46
2016,51
2016,3
2016,52
2016,1
2016,39
2016,49
2016,44
2016,40
2016,48
2016,1
2016,47
2016,44
2016,53
2016,34
2016,49
2016,65
2016,51
2016,45
2016,1
2016,41
2016,54
2016,53
2016,40
2016,35
2016,23
2016,45
2016,27
2016,2
2016,62
2016,47
2016,49
2016,38
2016,42
2016,58
2016,48
2016,1
2016,44
2016,42
2016,56
2016,60
2016,45
2016,48
2016,39
2016,50
2016,64
2016,49
2016,55
2016,40
2016,43
2016,48
2016,37
2016,2
2016,48
2016,1
2016,58
2016,51
2016,63
2016,49
2016,50
2016,46
2016,40
2016,1
2016,1
2016,49
2016,47
2016,59
2016,47
2016,54
2016,40
2016,53
2016,5
2016,55
2016,60
2016,38
2016,39
2016,52
2016,32
2016,36
2016,34
2017,65
2017,69
2017,58
2017,56
2017,75
2017,34
2017,70
2017,39
2017,2
2017,67
2017,58
2017,48
2017,48
2017,72
2017,48
2017,34
2017,2
2017,61
2017,61
2017,62
2017,54
2017,70
2017,60
2017,63
2017,48
2017,67
2017,53
2017,42
2017,50
2017,79
2017,46
2017,50
2017,4
2017,53
2017,53
2017,60
2017,54
2017,63
2017,48
2017,50
2017,39
2017,1
2017,2
2017,45
2017,54
2017,60
2017,44
2017,64
2017,48
2017,47
2017,40
2017,3
2017,74
2017,61
2017,67
2017,53
2017,46
2017,54
2017,40
2017,3
2017,2
2017,3
2017,56
2017,76
2017,57
2017,66
2017,68
2017,58
2017,46
2017,56
2017,44
2017,2
2017,45
2017,49
2017,54
2017,65
2017,48
2017,48
2017,48
2017,1
2017,51
2017,50
2017,41
2017,65
2017,2
2017,69
2017,1
2017,1
2017,63
2017,59
2017,56
2017,66
2017,65
2017,52
2017,1
2017,58
2017,1
2017,52
2017,1
2017,61
2017,61
2017,63
2017,55
2017,64
2017,2
2017,51
2017,2
2017,1
2017,67
2017,1
2017,53
2017,47
2017,68
2017,55
2017,46
2017,54
2017,44
2017,53
2017,56
2017,50
2017,43
2017,52
2017,54
2017,46
2017,50
2017,2
2017,57
2017,2
2017,57
2017,64
2017,78
2017,54
2017,70
2017,57
2017,49
2017,49
2017,1
2017,59
2017,2
2017,59
2017,41
2017,71
2017,55
2017,1
2017,62
2017,2
2017,58
2017,56
2017,55
2017,45
2017,53
2017,24
2017,28
2017,56
2017,48
2017,1
2017,65
2017,1
2017,56
2017,53
2017,50
2017,53
2017,67
2017,55
2017,1
2017,89
2017,48
2017,55
2017,50
2017,61
2017,55
2017,57
2017,49
2017,1
2017,1
2017,51
2017,60
2017,62
2017,72
2017,53
2017,60
2017,4
2017,56
2017,1
2017,60
2017,70
2017,63
2017,43
2017,54
2017,60
2017,30
2017,2
2017,57
2017,56
2017,52
2017,50
2017,64
2017,51
2017,43
2017,1
2017,59
2017,1
2017,52
2017,62
2017,64
2017,61
2017,68
2017,48
2017,4
2017,66
2017,56
2017,60
2017,56
2017,67
2017,55
2017,62
2017,36
2017,3
2017,2
2017,50
2017,49
2017,61
2017,59
2017,51
2017,60
2017,5
2017,26
2017,16
2017,52
2017,58
2017,58
2017,57
2017,1
2017,57
2017,54
2017,66
2017,63
2017,57
2017,54
2017,39
2017,43
2017,53
2017,56
2017,40
2017,42
2017,54
2017,66
2017,54
2017,54
2017,64
2017,1
2017,58
2017,1
2017,1
2017,1
2017,68
2017,50
2017,69
2017,62
2017,54
2017,45
2017,50
2017,1
2017,52
2017,55
2017,58
2017,58
2017,57
2017,57
2017,56
2017,2
2017,1
2017,42
2017,2
2017,42
2017,64
2017,52
2017,47
2017,52
2017,53
2017,58
2017,37
2017,1
2017,55
2017,4
2017,56
2017,49
2017,77
2017,65
2017,76
2017,71
2017,1
2017,58
2017,63
2017,52
2017,54
2017,63
2017,55
2017,65
2017,57
2017,56
2017,1
2017,50
2017,4
2017,50
2017,48
2017,51
2017,39
2018,60
2018,3
2018,1
2018,66
2018,55
2018,53
2018,51
2018,87
2018,53
2018,49
2018,49
2018,1
2018,54
2018,3
2018,52
2018,60
2018,49
2018,52
2018,65
2018,74
2018,1
2018,1
2018,70
2018,74
2018,61
2018,72
2018,64
2018,54
2018,57
2018,62
2018,50
2018,1
2018,51
2018,47
2018,61
2018,73
2018,71
2018,76
2018,74
2018,1
2018,55
2018,76
2018,50
2018,58
2018,67
2018,67
2018,60
2018,56
2018,53
2018,1
2018,84
2018,62
2018,70
2018,67
2018,76
2018,2
2018,73
2018,4
2018,81
2018,87
2018,91
2018,81
2018,60
2018,74
2018,67
2018,63
2018,50
2018,2
2018,70
2018,54
2018,61
2018,60
2018,70
2018,79
2018,3
2018,3
2018,26
2018,37
2018,54
2018,65
2018,52
2018,62
2018,52
2018,54
2018,1
2018,1
2018,1
2018,61
2018,57
2018,61
2018,42
2018,60
2018,67
2018,51
2018,63
2018,4
2018,1
2018,79
2018,1
2018,61
2018,71
2018,82
2018,88
2018,76
2018,47
2018,1
2018,1
2018,2
2018,66
2018,47
2018,56
2018,75
2018,53
2018,63
2018,1
2018,68
2018,62
2018,43
2018,55
2018,49
2018,56
2018,54
2018,2
2018,55
2018,91
2018,62
2018,60
2018,57
2018,65
2018,71
2018,65
2018,44
2018,2
2018,1
2018,1
2018,76
2018,71
2018,72
2018,87
2018,75
2018,73
2018,1
2018,75
2018,51
2018,77
2018,69
2018,78
2018,77
2018,64
2018,66
2018,1
2018,1
2018,2
2018,4
2018,82
2018,77
2018,65
2018,32
2018,45
2018,55
2018,54
2018,2
2018,1
2018,68
2018,57
2018,60
2018,46
2018,50
2018,56
2018,3
2018,2
2018,53
2018,67
2018,66
2018,68
2018,61
2018,56
2018,55
2018,1
2018,54
2018,2
2018,1
2018,72
2018,50
2018,84
2018,60
2018,63
2018,82
2018,2
2018,1
2018,57
2018,2
2018,1
2018,65
2018,67
2018,68
2018,50
2018,64
2018,72
2018,50
2018,2
2018,2
2018,72
2018,60
2018,65
2018,70
2018,54
2018,68
2018,2
2018,5
2018,66
2018,60
2018,84
2018,74
2018,60
2018,67
2018,60
2018,2
2018,54
2018,1
2018,73
2018,2
2018,77
2018,85
2018,67
2018,84
2018,64
2018,2
2018,71
2018,3
2018,1
2018,69
2018,1
2018,73
2018,56
2018,84
2018,69
2018,58
2018,62
2018,49
2018,1
2018,55
2018,1
2018,1
2018,5
2018,39
2018,49
2018,71
2018,59
2018,53
2018,49
2018,45
2018,1
2018,1
2018,55
2018,54
2018,51
2018,45
2018,50
2018,61
2018,74
2018,1
2018,1
2018,1
2018,2
2018,57
2018,75
2018,53
2018,66
2018,53
2018,68
2018,58
2018,60
2018,1
2018,1
2018,60
2018,1
2018,64
2018,66
2018,69
2018,79
2018,58
2018,51
2018,54
2018,2
2018,2
2018,61
2018,61
2018,59
2018,58
2018,60
2018,40
2018,73
2018,47
2018,1
2018,1
2018,75
2018,1
2018,69
2018,54
2018,65
2018,62
2018,57
2018,63
2018,1
2018,64
2018,3
2018,77
2018,78
2018,58
2018,69
2018,80
2018,75
2018,77
2018,72
2018,2
2018,1
2018,77
2018,70
2018,61
2018,66
2018,73
2018,72
2018,63
2018,75
2018,4
2018,2
2018,68
2018,80
2018,75
2018,76
2018,61
2019,62
2019,69
2019,43
2019,1
2019,1
2019,5
2019,67
2019,70
2019,69
2019,75
2019,65
2019,55
2019,50
2019,3
2019,76
2019,66
2019,73
2019,80
2019,80
2019,68
2019,73
2019,1
2019,2
2019,74
2019,58
2019,71
2019,65
2019,67
2019,87
2019,60
2019,76
2019,67
2019,2
2019,3
2019,1
2019,74
2019,77
2019,80
2019,69
2019,85
2019,70
2019,3
2019,60
2019,1
2019,71
2019,71
2019,83
2019,64
2019,60
2019,60
2019,65
2019,3
2019,1
2019,2
2019,1
2019,94
2019,77
2019,73
2019,71
2019,81
2019,79
2019,67
2019,5
2019,3
2019,94
2019,97
2019,87
2019,73
2019,68
2019,68
2019,80
2019,72
2019,3
2019,1
2019,1
2019,65
2019,71
2019,69
2019,87
2019,64
2019,58
2019,83
2019,58
2019,4
2019,63
2019,4
2019,67
2019,75
2019,61
2019,63
2019,67
2019,1
2019,2
2019,81
2019,2
2019,80
2019,60
2019,65
2019,90
2019,67
2019,65
2019,65
2019,74
2019,1
2019,1
2019,73
2019,3
2019,69
2019,64
2019,71
2019,58
2019,1
2019,85
2019,5
2019,3
2019,1
2019,85
2019,61
2019,62
2019,74
2019,67
2019,80
2019,58
2019,70
2019,2
2019,65
2019,2
2019,63
2019,4
2019,76
2019,66
2019,90
2019,61
2019,70
2019,1
2019,59
2019,2
2019,1
2019,77
2019,68
2019,71
2019,74
2019,53
2019,61
2019,68
2019,66
2019,2
2019,64
2019,1
2019,2
2019,81
2019,105
2019,66
2019,90
2019,67
2019,82
2019,5
2019,4
2019,80
2019,3
2019,91
2019,81
2019,84
2019,56
2019,54
2019,81
2019,53
2019,49
2019,2
2019,77
2019,1
2019,63
2019,22
2019,1
2019,65
2019,3
2019,5
2019,78
2019,64
2019,85
2019,67
2019,73
2019,58
2019,75
2019,53
2019,3
2019,2
2019,70
2019,81
2019,80
2019,74
2019,84
2019,76
2019,74
2019,69
2019,5
2019,1
2019,72
2019,1
2019,2
2019,74
2019,65
2019,89
2019,72
2019,70
2019,3
2019,1
2019,67
2019,75
2019,86
2019,76
2019,69
2019,71
2019,64
2019,1
2019,1
2019,2
2019,77
2019,65
2019,70
2019,65
2019,81
2019,76
2019,68
2019,1
2019,47
2019,1
2019,66
2019,75
2019,82
2019,65
2019,96
2019,68
2019,77
2019,65
2019,3
2019,1
2019,91
2019,85
2019,81
2019,66
2019,78
2019,49
2019,75
2019,3
2019,3
2019,87
2019,1
2019,76
2019,73
2019,69
2019,64
2019,60
2019,59
2019,55
2019,2
2019,2
2019,1
2019,50
2019,28
2019,70
2019,87
2019,83
2019,56
2019,77
2019,54
2019,1
2019,60
2019,1
2019,68
2019,3
2019,60
2019,69
2019,60
2019,63
2019,70
2019,3
2019,79
2019,1
2019,75
2019,1
2019,73
2019,62
2019,78
2019,66
2019,50
2019,92
2019,1
2019,67
2019,3
2019,5
2019,81
2019,3
2019,84
2019,56
2019,86
2019,72
2019,2
2019,78
2019,3
2019,1
2019,78
2019,81
2019,63
2019,67
2019,90
2019,72
2019,66
2019,73
2019,2
2019,66
2019,2
2019,69
2019,54
2019,65
2019,85
2019,72
2019,66
2019,4
2019,2
2019,103
2019,1
2019,68
2019,69
2019,85
2019,80
2019,67
2019,63
2019,57
2019,4
2019,60
2019,2
2019,1
2019,74
2019,2
2019,63
2019,65
2019,80
2019,76
2019,77
2019,4
2019,5
2019,74
2019,3
2019,60
2019,57
2019,57
2019,43
2020,1
2020,64
2020,57
2020,3
2020,2
2020,75
2020,1
2020,60
2020,84
2020,64
2020,80
2020,1
2020,61
2020,4
2020,1
2020,71
2020,50
2020,65
2020,44
2020,43
2020,39
2020,13
2020,75
2020,77
2020,68
2020,76
2020,57
2020,75
2020,66
2020,3
2020,3
2020,3
2020,95
2020,69
2020,70
2020,71
2020,32
2020,40
2020,29
2020,40
2020,54
2020,62
2020,67
2020,2
2020,2
2020,68
2020,79
2020,68
2020,102
2020,71
2020,57
2020,55
2020,53
2020,56
2020,1
2020,52
2020,2
2020,89
2020,47
2020,37
2020,44
2020,43
2020,1
2020,70
2020,79
2020,69
2020,48
2020,65
2020,46
2020,3
2020,2
2020,3
2020,75
2020,86
2020,70
2020,73
2020,68
2020,93
2020,58
2020,44
2020,3
2020,6
