Year,PersonalityDisorders
2000,1
2000,1
2000,1
2000,1
2000,1
2000,1
2000,1
2000,1
2000,1
2000,1
2000,1
2000,1
2000,1
2000,1
2000,1
2000,1
2000,1
2000,1
2000,1
2000,1
2000,1
2000,1
2000,1
2000,1
2000,1
2000,1
2000,2
2000,1
2000,1
2000,1
2000,1
2000,1
2000,1
2000,1
2001,1
2001,1
2001,1
2001,1
2001,1
2001,1
2001,1
2001,1
2001,1
2001,1
2001,1
2001,1
2001,1
2001,2
2001,1
2001,1
2001,1
2001,1
2001,1
2001,2
2001,1
2001,1
2001,1
2001,2
2001,1
2001,1
2001,2
2001,1
2001,1
2001,1
2001,1
2002,1
2002,1
2002,1
2002,1
2002,1
2002,1
2002,1
2002,1
2002,1
2002,2
2002,1
2002,1
2002,1
2002,1
2002,1
2002,2
2002,1
2002,1
2002,1
2002,1
2002,1
2002,1
2002,1
2002,1
2002,1
2002,1
2003,1
2003,1
2003,1
2003,1
2003,1
2003,1
2003,1
2003,1
2003,1
2003,1
2003,1
2003,1
2003,1
2003,1
2003,1
2003,1
2003,1
2003,1
2003,1
2003,1
2003,1
2003,1
2003,1
2003,1
2003,1
2003,1
2003,1
2003,1
2003,12
2003,1
2003,1
2003,1
2003,1
2003,1
2003,1
2003,2
2003,1
2003,1
2003,1
2003,1
2003,1
2003,1
2004,2
2004,1
2004,1
2004,1
2004,1
2004,1
2004,1
2004,1
2004,1
2004,1
2004,1
2004,1
2004,1
2004,1
2004,1
2004,1
2004,1
2004,1
2004,1
2004,1
2004,1
2004,1
2004,1
2004,1
2004,1
2004,1
2004,2
2004,1
2004,1
2004,1
2004,1
2004,1
2004,1
2004,1
2004,1
2004,5
2004,1
2004,1
2004,1
2004,2
2004,1
2004,1
2004,1
2004,1
2004,1
2004,1
2004,1
2004,1
2004,1
2004,1
2005,4
2005,1
2005,2
2005,2
2005,1
2005,1
2005,1
2005,1
2005,1
2005,1
2005,1
2005,1
2005,1
2005,1
2005,1
2005,1
2005,1
2005,1
2005,1
2005,1
2005,1
2005,1
2005,1
2005,1
2005,1
2005,1
2005,1
2005,1
2005,1
2005,1
2005,1
2005,1
2005,1
2005,1
2005,1
2005,1
2005,1
2005,1
2005,1
2005,1
2005,1
2005,1
2005,1
2005,1
2005,1
2005,2
2005,1
2006,1
2006,1
2006,1
2006,1
2006,1
2006,1
2006,1
2006,1
2006,1
2006,1
2006,1
2006,2
2006,1
2006,1
2006,1
2006,1
2006,1
2006,1
2006,1
2006,1
2006,1
2006,1
2006,1
2006,1
2006,1
2006,1
2006,1
2006,2
2006,1
2006,3
2006,1
2006,1
2006,1
2006,1
2006,1
2006,1
2006,1
2006,1
2007,1
2007,1
2007,1
2007,1
2007,1
2007,1
2007,1
2007,3
2007,1
2007,1
2007,2
2007,1
2007,1
2007,1
2007,1
2007,1
2007,1
2007,1
2007,1
2007,1
2007,1
2007,1
2007,1
2007,1
2007,1
2007,2
2007,1
2007,1
2007,1
2007,1
2007,1
2007,1
2007,1
2007,1
2007,2
2007,1
2007,1
2007,1
2007,1
2007,1
2007,1
2007,1
2007,1
2007,1
2007,2
2007,1
2007,1
2007,1
2007,1
2007,1
2008,1
2008,1
2008,1
2008,1
2008,1
2008,1
2008,2
2008,1
2008,1
2008,1
2008,1
2008,1
2008,1
2008,1
2008,1
2008,1
2008,1
2008,1
2008,1
2008,1
2008,1
2008,1
2008,1
2008,1
2008,1
2008,1
2008,1
2008,1
2008,2
2008,1
2008,1
2008,1
2008,1
2008,1
2008,2
2008,1
2008,1
2008,2
2008,2
2008,1
2008,2
2008,1
2008,1
2008,1
2008,1
2008,2
2008,1
2009,1
2009,1
2009,1
2009,1
2009,1
2009,4
2009,1
2009,1
2009,2
2009,1
2009,2
2009,1
2009,1
2009,1
2009,1
2009,1
2009,1
2009,1
2009,1
2009,3
2009,1
2009,1
2009,1
2009,1
2009,1
2009,1
2009,1
2009,1
2009,1
2009,1
2009,1
2009,1
2009,1
2009,1
2009,1
2009,1
2009,1
2009,1
2009,1
2009,2
2009,1
2009,1
2009,1
2009,1
2009,1
2009,1
2009,1
2009,2
2009,1
2009,1
2009,1
2009,1
2009,1
2009,1
2009,1
2009,1
2010,1
2010,1
2010,2
2010,1
2010,1
2010,1
2010,2
2010,1
2010,2
2010,1
2010,1
2010,1
2010,1
2010,1
2010,1
2010,1
2010,1
2010,1
2010,1
2010,1
2010,1
2010,1
2010,1
2010,1
2010,1
2010,2
2010,1
2010,2
2010,1
2010,1
2010,1
2010,1
2010,1
2010,1
2010,1
2010,1
2010,1
2010,2
2010,1
2010,1
2010,1
2010,1
2010,1
2010,1
2010,1
2010,1
2010,1
2010,1
2010,1
2010,1
2010,1
2010,2
2010,1
2010,1
2010,2
2010,1
2010,1
2010,1
2010,1
2010,1
2010,1
2010,1
2010,1
2010,1
2010,1
2010,1
2010,1
2010,1
2010,1
2011,3
2011,1
2011,1
2011,1
2011,1
2011,1
2011,1
2011,2
2011,1
2011,1
2011,1
2011,1
2011,1
2011,1
2011,1
2011,1
2011,2
2011,1
2011,1
2011,1
2011,1
2011,2
2011,1
2011,1
2011,1
2011,1
2011,1
2011,2
2011,1
2011,1
2011,2
2011,1
2011,1
2011,1
2011,1
2011,1
2011,1
2011,1
2011,2
2011,1
2011,2
2011,1
2011,2
2011,1
2011,2
2011,3
2011,2
2011,1
2011,1
2011,1
2011,2
2011,1
2011,1
2011,1
2011,1
2011,1
2011,1
2011,2
2011,1
2011,1
2011,1
2011,1
2011,1
2011,1
2011,1
2011,1
2011,1
2011,1
2011,1
2011,1
2011,1
2011,1
2011,1
2011,2
2011,1
2011,1
2011,1
2011,1
2011,1
2011,1
2011,1
2011,1
2012,2
2012,1
2012,1
2012,1
2012,1
2012,1
2012,1
2012,1
2012,2
2012,1
2012,2
2012,2
2012,1
2012,1
2012,1
2012,1
2012,1
2012,1
2012,1
2012,1
2012,1
2012,1
2012,1
2012,1
2012,1
2012,1
2012,1
2012,1
2012,1
2012,1
2012,2
2012,2
2012,1
2012,1
2012,2
2012,1
2012,2
2012,1
2012,1
2012,1
2012,2
2012,1
2012,1
2012,1
2012,1
2012,1
2012,2
2012,1
2012,1
2012,1
2012,1
2012,1
2012,1
2012,1
2012,1
2012,1
2012,2
2012,1
2012,1
2012,1
2012,1
2012,1
2012,1
2012,1
2012,1
2012,2
2012,1
2012,1
2012,1
2012,2
2012,1
2012,1
2012,2
2012,1
2012,1
2012,1
2012,1
2012,1
2012,1
2012,1
2012,2
2012,1
2012,1
2012,1
2012,1
2012,2
2012,1
2012,2
2012,1
2012,1
2012,1
2012,2
2012,1
2013,1
2013,1
2013,1
2013,1
2013,1
2013,1
2013,1
2013,1
2013,2
2013,1
2013,1
2013,1
2013,1
2013,1
2013,1
2013,2
2013,2
2013,1
2013,1
2013,1
2013,1
2013,1
2013,1
2013,1
2013,1
2013,1
2013,1
2013,2
2013,1
2013,1
2013,1
2013,1
2013,1
2013,2
2013,1
2013,1
2013,2
2013,1
2013,1
2013,1
2013,1
2013,1
2013,1
2013,1
2013,1
2013,1
2013,1
2013,1
2013,1
2013,1
2013,1
2013,1
2013,1
2013,3
2013,1
2013,1
2013,1
2013,1
2013,1
2013,1
2013,1
2013,1
2013,1
2013,1
2013,1
2013,3
2013,1
2013,1
2013,1
2013,1
2013,1
2013,2
2013,2
2013,1
2013,1
2013,1
2013,1
2013,2
2013,4
2013,1
2013,1
2013,1
2013,1
2013,1
2013,1
2013,1
2013,1
2013,1
2013,1
2013,3
2013,1
2013,1
2013,1
2013,1
2013,1
2013,1
2013,1
2013,1
2013,1
2013,2
2013,1
2013,1
2013,1
2013,1
2013,2
2013,1
2013,1
2014,1
2014,1
2014,2
2014,2
2014,1
2014,1
2014,1
2014,2
2014,1
2014,1
2014,1
2014,1
2014,2
2014,2
2014,1
2014,2
2014,2
2014,1
2014,2
2014,2
2014,4
2014,1
2014,1
2014,1
2014,2
2014,1
2014,2
2014,2
2014,1
2014,1
2014,1
2014,3
2014,2
2014,1
2014,3
2014,1
2014,1
2014,1
2014,2
2014,1
2014,1
2014,1
2014,1
2014,1
2014,3
2014,1
2014,1
2014,2
2014,1
2014,2
2014,1
2014,2
2014,1
2014,1
2014,2
2014,1
2014,1
2014,1
2014,1
2014,1
2014,2
2014,1
2014,4
2014,1
2014,1
2014,1
2014,1
2014,1
2014,1
2014,2
2014,1
2014,1
2014,2
2014,1
2014,3
2014,3
2014,2
2014,1
2014,1
2014,2
2014,1
2014,2
2014,2
2014,1
2014,1
2014,2
2014,1
2014,1
2014,3
2014,1
2014,1
2014,1
2014,1
2014,1
2014,1
2014,1
2014,1
2014,1
2014,1
2014,2
2014,1
2014,1
2014,1
2014,2
2014,1
2014,1
2014,1
2014,1
2014,1
2014,1
2014,1
2014,1
2014,1
2014,1
2015,2
2015,1
2015,1
2015,1
2015,1
2015,2
2015,2
2015,1
2015,1
2015,3
2015,1
2015,3
2015,1
2015,1
2015,1
2015,1
2015,1
2015,1
2015,1
2015,2
2015,2
2015,1
2015,1
2015,1
2015,1
2015,1
2015,2
2015,1
2015,2
2015,1
2015,1
2015,1
2015,2
2015,5
2015,1
2015,2
2015,2
2015,2
2015,1
2015,1
2015,3
2015,2
2015,1
2015,1
2015,2
2015,1
2015,1
2015,1
2015,1
2015,4
2015,1
2015,3
2015,1
2015,1
2015,3
2015,1
2015,1
2015,1
2015,1
2015,1
2015,2
2015,1
2015,1
2015,1
2015,1
2015,1
2015,1
2015,1
2015,3
2015,1
2015,1
2015,1
2015,1
2015,2
2015,1
2015,1
2015,1
2015,1
2015,1
2015,3
2015,1
2015,2
2015,1
2015,1
2015,1
2015,1
2015,2
2015,1
2015,1
2015,2
2015,1
2015,1
2015,1
2015,1
2015,2
2015,1
2015,1
2015,1
2015,2
2015,2
2015,3
2015,1
2015,3
2015,1
2015,2
2015,1
2015,2
2015,1
2015,1
2015,1
2015,2
2015,1
2015,1
2015,1
2015,2
2015,1
2015,1
2015,2
2015,1
2015,1
2015,1
2015,2
2015,2
2015,2
2015,3
2015,2
2015,2
2016,1
2016,1
2016,1
2016,3
2016,1
2016,1
2016,1
2016,1
2016,1
2016,1
2016,1
2016,1
2016,1
2016,1
2016,2
2016,2
2016,2
2016,1
2016,1
2016,1
2016,1
2016,3
2016,1
2016,1
2016,1
2016,1
2016,3
2016,2
2016,2
2016,3
2016,1
2016,1
2016,1
2016,1
2016,1
2016,2
2016,2
2016,1
2016,1
2016,1
2016,2
2016,1
2016,1
2016,2
2016,1
2016,1
2016,2
2016,2
2016,1
2016,1
2016,1
2016,2
2016,1
2016,1
2016,1
2016,1
2016,1
2016,1
2016,2
2016,1
2016,1
2016,1
2016,1
2016,2
2016,1
2016,1
2016,1
2016,1
2016,3
2016,1
2016,1
2016,1
2016,3
2016,1
2016,3
2016,1
2016,2
2016,2
2016,2
2016,1
2016,1
2016,1
2016,2
2016,2
2016,1
2016,1
2016,1
2016,1
2016,1
2016,1
2016,1
2016,2
2016,1
2016,1
2016,1
2016,2
2016,1
2016,1
2016,2
2016,1
2016,2
2016,1
2016,2
2016,1
2016,1
2016,3
2016,1
2016,1
2016,1
2016,2
2016,6
2016,1
2016,1
2016,1
2016,1
2016,1
2016,2
2016,1
2016,3
2016,1
2016,4
2016,1
2016,1
2016,1
2016,1
2016,1
2016,1
2016,2
2016,1
2016,1
2016,1
2016,2
2016,1
2016,1
2016,1
2016,1
2016,3
2016,1
2016,1
2016,1
2016,1
2016,1
2016,1
2016,1
2016,2
2016,2
2016,1
2016,1
2016,1
2016,1
2016,4
2016,1
2016,2
2016,2
2016,1
2016,2
2016,2
2016,1
2016,1
2016,1
2016,1
2016,2
2016,2
2016,1
2016,1
2016,2
2017,1
2017,1
2017,1
2017,2
2017,2
2017,1
2017,2
2017,1
2017,1
2017,1
2017,1
2017,1
2017,2
2017,3
2017,1
2017,1
2017,1
2017,2
2017,1
2017,3
2017,1
2017,2
2017,2
2017,1
2017,2
2017,4
2017,2
2017,2
2017,2
2017,2
2017,1
2017,3
2017,2
2017,1
2017,1
2017,1
2017,1
2017,3
2017,1
2017,1
2017,1
2017,1
2017,2
2017,1
2017,2
2017,3
2017,2
2017,2
2017,3
2017,1
2017,3
2017,1
2017,1
2017,1
2017,2
2017,1
2017,1
2017,1
2017,1
2017,1
2017,2
2017,2
2017,2
2017,1
2017,3
2017,3
2017,1
2017,2
2017,2
2017,3
2017,3
2017,4
2017,2
2017,2
2017,1
2017,1
2017,1
2017,1
2017,1
2017,1
2017,1
2017,1
2017,1
2017,1
2017,1
2017,1
2017,3
2017,2
2017,3
2017,2
2017,2
2017,2
2017,3
2017,1
2017,3
2017,1
2017,2
2017,1
2017,2
2017,1
2017,3
2017,2
2017,3
2017,1
2017,1
2017,1
2017,1
2017,2
2017,2
2017,1
2017,1
2017,2
2017,4
2017,1
2017,2
2017,1
2017,1
2017,3
2017,1
2017,1
2017,2
2017,1
2017,1
2017,1
2017,1
2017,1
2017,2
2017,1
2017,1
2017,1
2017,3
2017,1
2017,3
2017,1
2017,1
2017,2
2017,1
2017,2
2017,2
2017,1
2017,1
2017,2
2017,1
2017,3
2017,1
2017,2
2017,1
2017,1
2017,1
2017,1
2017,2
2017,2
2017,3
2017,3
2017,2
2017,1
2017,1
2017,2
2017,2
2017,2
2017,1
2017,1
2017,1
2017,1
2017,2
2017,1
2018,2
2018,1
2018,1
2018,2
2018,2
2018,2
2018,2
2018,1
2018,1
2018,1
2018,1
2018,1
2018,2
2018,2
2018,3
2018,1
2018,1
2018,1
2018,1
2018,1
2018,1
2018,1
2018,2
2018,1
2018,1
2018,2
2018,1
2018,2
2018,1
2018,1
2018,1
2018,3
2018,2
2018,2
2018,2
2018,1
2018,1
2018,3
2018,1
2018,4
2018,1
2018,5
2018,3
2018,2
2018,1
2018,2
2018,2
2018,1
2018,1
2018,1
2018,2
2018,1
2018,1
2018,2
2018,1
2018,1
2018,1
2018,2
2018,1
2018,2
2018,1
2018,1
2018,1
2018,4
2018,1
2018,2
2018,1
2018,1
2018,3
2018,4
2018,3
2018,1
2018,2
2018,1
2018,2
2018,1
2018,1
2018,3
2018,2
2018,5
2018,2
2018,3
2018,2
2018,2
2018,3
2018,1
2018,1
2018,1
2018,2
2018,1
2018,2
2018,4
2018,1
2018,1
2018,1
2018,1
2018,1
2018,2
2018,1
2018,1
2018,3
2018,2
2018,1
2018,1
2018,1
2018,3
2018,1
2018,4
2018,1
2018,1
2018,1
2018,2
2018,1
2018,1
2018,6
2018,1
2018,1
2018,3
2018,1
2018,1
2018,2
2018,3
2018,1
2018,3
2018,1
2018,1
2018,3
2018,1
2018,3
2018,1
2018,2
2018,1
2018,2
2018,2
2018,1
2018,1
2018,2
2018,3
2018,1
2018,1
2018,1
2018,1
2018,1
2018,3
2018,2
2018,1
2018,1
2018,1
2018,1
2018,1
2018,1
2018,1
2018,3
2018,1
2018,3
2018,1
2018,1
2018,1
2018,1
2018,3
2018,1
2018,1
2018,2
2018,1
2018,2
2018,2
2018,2
2018,2
2018,2
2018,3
2018,2
2018,1
2018,1
2018,3
2018,1
2018,3
2018,2
2018,2
2018,2
2018,1
2018,3
2018,1
2018,3
2018,1
2019,3
2019,2
2019,3
2019,2
2019,2
2019,2
2019,2
2019,1
2019,1
2019,3
2019,1
2019,2
2019,1
2019,1
2019,1
2019,2
2019,1
2019,2
2019,2
2019,3
2019,1
2019,1
2019,2
2019,2
2019,1
2019,1
2019,3
2019,1
2019,4
2019,2
2019,2
2019,1
2019,1
2019,2
2019,3
2019,2
2019,3
2019,3
2019,1
2019,2
2019,1
2019,1
2019,1
2019,4
2019,1
2019,1
2019,1
2019,4
2019,2
2019,3
2019,2
2019,1
2019,1
2019,1
2019,1
2019,2
2019,1
2019,1
2019,1
2019,1
2019,1
2019,1
2019,1
2019,1
2019,1
2019,1
2019,1
2019,1
2019,2
2019,1
2019,3
2019,3
2019,1
2019,1
2019,1
2019,1
2019,4
2019,4
2019,5
2019,4
2019,2
2019,1
2019,4
2019,2
2019,3
2019,1
2019,3
2019,3
2019,5
2019,5
2019,3
2019,3
2019,5
2019,5
2019,1
2019,1
2019,4
2019,2
2019,3
2019,4
2019,1
2019,1
2019,1
2019,3
2019,2
2019,2
2019,2
2019,2
2019,1
2019,1
2019,1
2019,2
2019,2
2019,3
2019,1
2019,1
2019,3
2019,1
2019,1
2019,4
2019,1
2019,3
2019,1
2019,2
2019,4
2019,3
2019,1
2019,4
2019,1
2019,2
2019,3
2019,1
2019,1
2019,1
2019,3
2019,2
2019,3
2019,1
2019,4
2019,2
2019,1
2019,2
2019,2
2019,3
2019,2
2019,5
2019,3
2019,1
2019,1
2019,5
2019,1
2019,2
2019,2
2019,4
2019,3
2019,1
2019,2
2019,1
2019,1
2019,1
2019,1
2019,1
2019,1
2019,1
2019,1
2019,3
2019,2
2019,2
2019,1
2019,1
2019,1
2019,2
2019,1
2019,5
2019,2
2019,1
2019,1
2019,1
2019,1
2019,3
2019,2
2019,1
2019,1
2019,3
2019,2
2019,1
2019,5
2019,3
2019,2
2019,2
2019,3
2019,1
2019,1
2019,1
2019,1
2019,3
2019,3
2019,1
2019,3
2019,4
2019,1
2019,1
2019,1
2019,1
2019,1
2019,7
2019,1
2019,1
2019,2
2019,2
2019,6
2019,2
2019,3
2019,3
2019,2
2019,2
2019,1
2019,2
2019,4
2019,1
2019,3
2019,1
2020,1
2020,1
2020,1
2020,3
2020,2
2020,3
2020,4
2020,1
2020,1
2020,1
2020,5
2020,2
2020,1
2020,2
2020,2
2020,1
2020,3
2020,2
2020,1
2020,1
2020,1
2020,1
2020,1
2020,3
2020,1
2020,1
2020,1
2020,2
2020,4
2020,1
2020,2
2020,2
2020,2
2020,1
2020,2
2020,2
2020,1
2020,1
2020,2
2020,1
2020,6
2020,2
2020,1
2020,2
2020,3
2020,2
2020,2
2020,1
