Year,SelfHarm
2000,1
2000,1
2000,1
2000,1
2000,1
2000,1
2000,1
2000,1
2000,1
2000,1
2000,1
2000,1
2000,1
2000,1
2000,1
2000,1
2000,2
2000,1
2000,2
2000,1
2000,1
2000,2
2000,1
2000,19
2000,2
2000,2
2000,1
2000,1
2000,1
2000,1
2000,1
2000,1
2000,1
2000,1
2000,1
2000,2
2000,2
2000,1
2000,1
2000,1
2000,1
2000,1
2000,1
2000,2
2000,1
2000,1
2000,1
2000,1
2000,1
2000,1
2000,1
2000,1
2000,2
2000,1
2000,1
2000,1
2000,1
2000,3
2000,1
2000,1
2000,2
2000,1
2000,2
2000,1
2000,1
2000,1
2000,1
2000,2
2000,1
2000,1
2000,1
2000,1
2000,1
2000,1
2000,2
2000,1
2000,1
2000,1
2000,2
2000,1
2000,1
2000,1
2000,1
2000,2
2000,1
2000,1
2000,1
2000,2
2000,1
2000,1
2000,1
2000,1
2000,2
2000,1
2000,2
2000,1
2000,1
2001,1
2001,1
2001,1
2001,1
2001,1
2001,1
2001,1
2001,1
2001,1
2001,1
2001,1
2001,2
2001,1
2001,1
2001,1
2001,1
2001,2
2001,3
2001,1
2001,1
2001,1
2001,1
2001,1
2001,1
2001,1
2001,1
2001,3
2001,1
2001,1
2001,1
2001,1
2001,1
2001,1
2001,1
2001,1
2001,1
2001,2
2001,2
2001,1
2001,1
2001,1
2001,1
2001,1
2001,2
2001,1
2001,1
2001,1
2001,1
2001,1
2001,2
2001,11
2001,1
2001,1
2001,2
2001,1
2001,2
2001,1
2001,2
2001,1
2001,1
2001,1
2001,1
2001,1
2001,1
2001,1
2001,1
2001,1
2001,1
2001,1
2001,1
2001,1
2001,1
2001,2
2001,3
2001,1
2001,2
2001,2
2001,1
2001,1
2001,1
2001,2
2001,1
2001,1
2001,1
2001,2
2001,2
2001,1
2001,2
2001,1
2001,1
2001,1
2001,1
2001,1
2001,1
2001,1
2001,1
2002,1
2002,1
2002,2
2002,2
2002,1
2002,3
2002,1
2002,1
2002,1
2002,1
2002,2
2002,2
2002,1
2002,1
2002,2
2002,1
2002,1
2002,2
2002,1
2002,1
2002,1
2002,1
2002,1
2002,1
2002,2
2002,1
2002,1
2002,1
2002,1
2002,1
2002,1
2002,1
2002,3
2002,1
2002,2
2002,1
2002,2
2002,1
2002,1
2002,2
2002,1
2002,1
2002,1
2002,1
2002,1
2002,2
2002,1
2002,1
2002,1
2002,1
2002,1
2002,1
2002,1
2002,1
2002,1
2002,1
2002,1
2002,1
2002,1
2002,1
2002,1
2002,1
2002,3
2002,1
2002,2
2002,1
2002,1
2002,21
2002,1
2002,1
2002,1
2002,1
2002,1
2002,1
2002,1
2002,1
2002,1
2002,1
2002,1
2002,1
2002,1
2002,1
2002,3
2002,1
2002,2
2002,1
2002,2
2002,2
2002,1
2002,1
2002,1
2002,1
2002,1
2002,1
2002,2
2002,1
2002,1
2002,1
2002,1
2002,3
2002,1
2002,1
2002,1
2002,1
2002,1
2002,2
2002,1
2002,1
2002,1
2002,1
2002,1
2002,2
2002,1
2002,1
2002,2
2003,1
2003,1
2003,1
2003,1
2003,1
2003,3
2003,1
2003,1
2003,1
2003,2
2003,1
2003,2
2003,1
2003,1
2003,1
2003,1
2003,1
2003,1
2003,2
2003,2
2003,1
2003,1
2003,1
2003,1
2003,1
2003,1
2003,1
2003,1
2003,1
2003,1
2003,1
2003,1
2003,1
2003,1
2003,1
2003,1
2003,2
2003,1
2003,1
2003,1
2003,1
2003,1
2003,2
2003,1
2003,1
2003,3
2003,2
2003,1
2003,1
2003,1
2003,1
2003,1
2003,1
2003,1
2003,1
2003,1
2003,1
2003,1
2003,1
2003,2
2003,1
2003,3
2003,2
2003,2
2003,1
2003,1
2003,1
2003,1
2003,3
2003,1
2003,1
2003,1
2003,1
2003,2
2003,1
2003,2
2003,1
2003,3
2003,2
2003,1
2003,1
2003,1
2003,1
2003,1
2003,2
2003,1
2003,1
2003,1
2003,1
2003,1
2003,1
2003,4
2003,1
2003,1
2003,2
2003,1
2003,1
2003,1
2003,1
2003,20
2003,1
2003,1
2003,2
2003,2
2003,2
2003,6
2003,1
2003,1
2003,1
2003,1
2003,1
2003,1
2003,1
2003,1
2003,1
2003,1
2003,1
2003,1
2003,1
2003,1
2003,2
2003,1
2003,1
2003,1
2003,4
2003,1
2003,1
2003,1
2003,1
2003,1
2003,1
2003,3
2003,1
2003,1
2003,2
2003,2
2004,1
2004,1
2004,1
2004,2
2004,1
2004,1
2004,1
2004,1
2004,1
2004,1
2004,2
2004,1
2004,1
2004,1
2004,1
2004,1
2004,1
2004,1
2004,2
2004,1
2004,2
2004,1
2004,2
2004,2
2004,1
2004,1
2004,1
2004,1
2004,3
2004,1
2004,2
2004,1
2004,2
2004,1
2004,3
2004,1
2004,1
2004,2
2004,1
2004,2
2004,1
2004,1
2004,2
2004,1
2004,2
2004,3
2004,1
2004,1
2004,1
2004,1
2004,2
2004,1
2004,2
2004,1
2004,1
2004,1
2004,2
2004,2
2004,2
2004,2
2004,2
2004,1
2004,2
2004,2
2004,1
2004,5
2004,1
2004,1
2004,2
2004,1
2004,1
2004,1
2004,1
2004,1
2004,1
2004,1
2004,1
2004,1
2004,1
2004,1
2004,1
2004,1
2004,1
2004,2
2004,1
2004,3
2004,1
2004,1
2004,1
2004,1
2004,2
2004,2
2004,3
2004,1
2004,2
2004,2
2004,1
2004,2
2004,1
2004,1
2004,1
2004,1
2004,5
2004,1
2004,1
2004,1
2004,1
2004,1
2004,1
2004,4
2004,1
2004,2
2004,2
2004,2
2004,1
2004,4
2004,1
2004,1
2004,3
2004,1
2004,1
2004,2
2004,1
2004,2
2004,1
2004,3
2004,1
2004,1
2004,1
2004,1
2004,2
2004,2
2004,1
2004,1
2004,2
2004,1
2004,2
2004,2
2004,1
2004,1
2004,1
2004,3
2004,1
2004,1
2004,1
2004,2
2004,1
2004,1
2004,3
2004,1
2004,2
2004,1
2004,1
2004,19
2004,1
2004,1
2004,1
2004,1
2004,1
2004,1
2004,1
2004,2
2004,2
2004,1
2004,2
2004,3
2004,1
2004,1
2004,1
2004,1
2004,1
2004,1
2004,1
2004,3
2004,1
2004,1
2004,2
2004,3
2004,1
2004,1
2004,2
2004,2
2004,1
2004,1
2004,1
2004,1
2004,1
2004,2
2004,3
2004,1
2004,2
2004,2
2004,2
2004,1
2005,22
2005,1
2005,1
2005,1
2005,1
2005,1
2005,1
2005,1
2005,2
2005,1
2005,1
2005,2
2005,1
2005,1
2005,1
2005,2
2005,2
2005,1
2005,1
2005,1
2005,1
2005,2
2005,2
2005,2
2005,1
2005,1
2005,2
2005,2
2005,2
2005,1
2005,3
2005,1
2005,1
2005,2
2005,2
2005,1
2005,3
2005,1
2005,1
2005,2
2005,1
2005,1
2005,1
2005,3
2005,1
2005,1
2005,1
2005,1
2005,1
2005,3
2005,1
2005,2
2005,1
2005,1
2005,1
2005,1
2005,6
2005,2
2005,1
2005,1
2005,1
2005,1
2005,2
2005,1
2005,1
2005,1
2005,2
2005,3
2005,1
2005,1
2005,1
2005,1
2005,2
2005,1
2005,1
2005,3
2005,1
2005,1
2005,1
2005,1
2005,2
2005,4
2005,1
2005,2
2005,3
2005,1
2005,2
2005,1
2005,1
2005,1
2005,1
2005,1
2005,1
2005,4
2005,2
2005,1
2005,1
2005,1
2005,1
2005,1
2005,1
2005,2
2005,2
2005,3
2005,2
2005,1
2005,1
2005,3
2005,1
2005,1
2005,2
2005,3
2005,2
2005,2
2005,2
2005,1
2005,2
2005,2
2005,2
2005,1
2005,1
2005,2
2005,2
2005,1
2005,1
2005,1
2005,1
2005,1
2005,3
2005,2
2005,1
2005,1
2005,1
2005,1
2005,2
2005,2
2005,2
2005,1
2005,1
2005,2
2005,2
2005,1
2005,1
2005,1
2005,1
2005,1
2005,1
2005,1
2005,2
2005,4
2005,1
2005,1
2005,2
2005,1
2005,2
2005,1
2005,1
2005,1
2005,1
2005,1
2005,1
2005,3
2005,1
2005,1
2005,1
2005,1
2005,3
2005,2
2005,1
2005,2
2005,1
2005,1
2005,1
2005,1
2005,1
2005,1
2005,2
2005,1
2005,1
2005,1
2005,3
2005,1
2005,2
2005,2
2005,2
2005,1
2005,1
2005,1
2005,2
2005,2
2005,1
2005,1
2005,1
2005,1
2005,1
2005,1
2005,1
2005,4
2005,2
2005,3
2005,1
2005,1
2005,1
2005,1
2005,1
2005,3
2005,1
2005,1
2005,1
2005,1
2005,3
2006,1
2006,1
2006,1
2006,1
2006,1
2006,1
2006,2
2006,1
2006,1
2006,1
2006,1
2006,1
2006,1
2006,1
2006,1
2006,1
2006,2
2006,1
2006,1
2006,2
2006,1
2006,3
2006,2
2006,1
2006,3
2006,2
2006,2
2006,2
2006,3
2006,1
2006,2
2006,1
2006,2
2006,1
2006,2
2006,1
2006,1
2006,1
2006,1
2006,1
2006,2
2006,2
2006,1
2006,1
2006,1
2006,2
2006,2
2006,4
2006,1
2006,2
2006,2
2006,1
2006,1
2006,1
2006,1
2006,1
2006,1
2006,1
2006,1
2006,3
2006,1
2006,1
2006,1
2006,1
2006,3
2006,1
2006,3
2006,1
2006,2
2006,1
2006,1
2006,1
2006,1
2006,1
2006,1
2006,2
2006,1
2006,4
2006,1
2006,2
2006,2
2006,1
2006,2
2006,1
2006,2
2006,1
2006,3
2006,1
2006,1
2006,1
2006,1
2006,1
2006,1
2006,3
2006,2
2006,1
2006,16
2006,2
2006,1
2006,1
2006,1
2006,1
2006,2
2006,1
2006,1
2006,1
2006,3
2006,1
2006,1
2006,3
2006,1
2006,1
2006,1
2006,1
2006,2
2006,2
2006,1
2006,2
2006,1
2006,2
2006,1
2006,1
2006,2
2006,3
2006,1
2006,1
2006,1
2006,1
2006,1
2006,6
2006,2
2006,2
2006,2
2006,1
2006,1
2006,2
2006,1
2006,1
2006,1
2006,3
2006,2
2006,1
2006,1
2006,2
2006,1
2006,2
2006,1
2006,1
2006,3
2006,1
2006,1
2006,1
2006,1
2006,1
2006,1
2006,2
2006,2
2006,1
2006,1
2006,1
2006,1
2006,1
2006,1
2006,1
2006,2
2006,1
2006,2
2006,1
2006,2
2006,1
2006,1
2006,2
2006,1
2006,1
2006,3
2006,2
2006,1
2006,1
2006,2
2006,3
2006,3
2006,1
2006,3
2006,2
2006,2
2006,2
2006,5
2006,1
2006,2
2006,1
2006,2
2006,2
2006,1
2006,1
2006,1
2007,2
2007,2
2007,2
2007,1
2007,2
2007,1
2007,2
2007,2
2007,1
2007,4
2007,3
2007,1
2007,3
2007,1
2007,2
2007,1
2007,1
2007,3
2007,4
2007,1
2007,1
2007,1
2007,1
2007,1
2007,2
2007,1
2007,1
2007,2
2007,2
2007,1
2007,2
2007,1
2007,3
2007,2
2007,1
2007,2
2007,1
2007,1
2007,1
2007,1
2007,1
2007,2
2007,3
2007,1
2007,1
2007,1
2007,2
2007,1
2007,3
2007,4
2007,2
2007,6
2007,1
2007,2
2007,2
2007,1
2007,2
2007,2
2007,1
2007,1
2007,3
2007,1
2007,1
2007,1
2007,1
2007,1
2007,1
2007,1
2007,3
2007,1
2007,3
2007,2
2007,1
2007,1
2007,1
2007,1
2007,1
2007,1
2007,2
2007,1
2007,1
2007,2
2007,1
2007,2
2007,2
2007,2
2007,1
2007,1
2007,2
2007,1
2007,1
2007,3
2007,2
2007,1
2007,1
2007,1
2007,2
2007,1
2007,1
2007,1
2007,1
2007,3
2007,1
2007,1
2007,1
2007,1
2007,1
2007,1
2007,1
2007,1
2007,1
2007,2
2007,1
2007,1
2007,4
2007,1
2007,1
2007,1
2007,3
2007,1
2007,2
2007,12
2007,1
2007,3
2007,3
2007,3
2007,1
2007,2
2007,3
2007,1
2007,2
2007,2
2007,2
2007,2
2007,5
2007,1
2007,2
2007,2
2007,2
2007,2
2007,1
2007,1
2007,2
2007,1
2007,1
2007,1
2007,1
2007,1
2007,2
2007,1
2007,4
2007,2
2007,2
2007,1
2007,1
2007,2
2007,1
2007,1
2007,1
2007,4
2007,1
2007,1
2007,1
2007,1
2007,2
2007,1
2007,3
2007,1
2007,1
2007,3
2007,1
2007,4
2007,3
2007,1
2007,1
2007,2
2007,1
2007,3
2007,1
2007,1
2007,3
2007,2
2007,1
2007,2
2007,1
2007,2
2007,1
2007,1
2007,1
2007,1
2007,1
2007,1
2007,1
2007,1
2007,1
2007,2
2007,1
2007,2
2007,1
2007,1
2007,3
2007,1
2007,2
2007,1
2007,1
2007,1
2007,1
2007,3
2007,1
2007,2
2007,2
2007,1
2007,1
2007,1
2007,3
2007,1
2007,1
2007,1
2007,1
2007,2
2007,2
2007,1
2007,1
2007,2
2007,1
2007,2
2007,1
2007,1
2007,2
2007,2
2007,3
2007,1
2007,3
2007,1
2007,1
2007,1
2007,1
2007,1
2007,3
2007,2
2007,1
2007,1
2007,1
2007,2
2007,2
2007,1
2007,1
2007,3
2007,2
2008,1
2008,1
2008,3
2008,1
2008,1
2008,1
2008,1
2008,1
2008,2
2008,1
2008,1
2008,1
2008,1
2008,2
2008,1
2008,1
2008,2
2008,1
2008,1
2008,1
2008,8
2008,1
2008,1
2008,3
2008,2
2008,2
2008,2
2008,2
2008,2
2008,1
2008,2
2008,1
2008,3
2008,1
2008,1
2008,3
2008,1
2008,1
2008,1
2008,1
2008,1
2008,1
2008,2
2008,1
2008,1
2008,1
2008,2
2008,1
2008,3
2008,2
2008,1
2008,1
2008,1
2008,1
2008,1
2008,3
2008,1
2008,1
2008,1
2008,8
2008,2
2008,1
2008,2
2008,2
2008,1
2008,2
2008,3
2008,4
2008,1
2008,1
2008,1
2008,1
2008,1
2008,2
2008,1
2008,2
2008,1
2008,1
2008,3
2008,2
2008,1
2008,2
2008,1
2008,1
2008,1
2008,4
2008,2
2008,1
2008,2
2008,1
2008,1
2008,2
2008,1
2008,2
2008,3
2008,1
2008,1
2008,2
2008,4
2008,2
2008,2
2008,1
2008,1
2008,1
2008,2
2008,1
2008,5
2008,1
2008,1
2008,1
2008,2
2008,2
2008,1
2008,1
2008,1
2008,2
2008,1
2008,2
2008,2
2008,1
2008,1
2008,1
2008,2
2008,1
2008,1
2008,1
2008,6
2008,1
2008,1
2008,1
2008,3
2008,1
2008,1
2008,2
2008,2
2008,3
2008,5
2008,1
2008,1
2008,1
2008,3
2008,1
2008,1
2008,4
2008,1
2008,1
2008,3
2008,1
2008,1
2008,1
2008,1
2008,4
2008,2
2008,1
2008,2
2008,1
2008,4
2008,2
2008,1
2008,3
2008,2
2008,1
2008,1
2008,1
2008,1
2008,3
2008,1
2008,1
2008,1
2008,1
2008,2
2008,1
2008,1
2008,1
2008,2
2008,1
2008,1
2008,2
2008,2
2008,1
2008,4
2008,2
2008,2
2008,3
2008,2
2008,1
2008,2
2008,1
2008,1
2008,1
2008,2
2008,1
2008,2
2008,1
2008,2
2008,2
2008,1
2008,1
2008,1
2008,1
2008,1
2008,1
2008,3
2008,1
2008,1
2008,1
2008,1
2008,2
2008,1
2008,1
2008,1
2008,1
2008,3
2008,1
2008,2
2008,1
2008,2
2008,1
2008,2
2008,1
2008,1
2008,3
2008,1
2008,1
2008,1
2008,2
2008,2
2008,4
2008,3
2008,2
2008,2
2008,1
2008,1
2008,2
2009,5
2009,2
2009,1
2009,2
2009,1
2009,2
2009,1
2009,1
2009,2
2009,1
2009,2
2009,1
2009,2
2009,2
2009,3
2009,1
2009,1
2009,1
2009,1
2009,3
2009,1
2009,2
2009,1
2009,3
2009,2
2009,1
2009,1
2009,1
2009,1
2009,2
2009,1
2009,1
2009,4
2009,2
2009,2
2009,2
2009,2
2009,1
2009,2
2009,1
2009,2
2009,1
2009,1
2009,1
2009,2
2009,1
2009,3
2009,1
2009,1
2009,1
2009,1
2009,2
2009,1
2009,2
2009,1
2009,1
2009,1
2009,2
2009,3
2009,1
2009,1
2009,1
2009,2
2009,2
2009,1
2009,1
2009,2
2009,1
2009,2
2009,3
2009,1
2009,1
2009,1
2009,3
2009,2
2009,2
2009,1
2009,2
2009,1
2009,1
2009,1
2009,1
2009,2
2009,1
2009,1
2009,1
2009,1
2009,1
2009,2
2009,1
2009,1
2009,1
2009,1
2009,1
2009,1
2009,2
2009,2
2009,1
2009,2
2009,5
2009,2
2009,1
2009,1
2009,1
2009,2
2009,1
2009,2
2009,1
2009,2
2009,1
2009,4
2009,2
2009,2
2009,1
2009,1
2009,1
2009,4
2009,1
2009,1
2009,1
2009,1
2009,1
2009,1
2009,1
2009,1
2009,2
2009,2
2009,3
2009,1
2009,1
2009,3
2009,1
2009,1
2009,9
2009,1
2009,2
2009,2
2009,1
2009,2
2009,1
2009,2
2009,1
2009,1
2009,1
2009,2
2009,1
2009,2
2009,1
2009,2
2009,1
2009,1
2009,1
2009,1
2009,1
2009,1
2009,1
2009,1
2009,2
2009,2
2009,3
2009,2
2009,1
2009,1
2009,3
2009,1
2009,1
2009,1
2009,2
2009,2
2009,2
2009,2
2009,1
2009,2
2009,2
2009,2
2009,2
2009,1
2009,1
2009,4
2009,1
2009,1
2009,1
2009,2
2009,3
2009,1
2009,1
2010,4
2010,2
2010,1
2010,1
2010,1
2010,2
2010,2
2010,1
2010,2
2010,2
2010,1
2010,1
2010,1
2010,2
2010,1
2010,2
2010,1
2010,1
2010,1
2010,5
2010,2
2010,1
2010,2
2010,3
2010,3
2010,1
2010,1
2010,2
2010,2
2010,2
2010,1
2010,1
2010,3
2010,3
2010,4
2010,1
2010,5
2010,1
2010,1
2010,1
2010,1
2010,2
2010,3
2010,2
2010,1
2010,3
2010,2
2010,2
2010,1
2010,1
2010,2
2010,2
2010,4
2010,2
2010,2
2010,3
2010,2
2010,2
2010,1
2010,2
2010,1
2010,1
2010,1
2010,1
2010,2
2010,1
2010,1
2010,1
2010,2
2010,1
2010,2
2010,3
2010,1
2010,1
2010,1
2010,2
2010,1
2010,1
2010,1
2010,1
2010,2
2010,1
2010,1
2010,1
2010,4
2010,2
2010,3
2010,3
2010,1
2010,2
2010,1
2010,2
2010,1
2010,2
2010,2
2010,2
2010,1
2010,1
2010,1
2010,1
2010,1
2010,1
2010,3
2010,3
2010,1
2010,2
2010,2
2010,2
2010,1
2010,2
2010,1
2010,2
2010,1
2010,1
2010,3
2010,1
2010,2
2010,1
2010,3
2010,1
2010,1
2010,1
2010,9
2010,1
2010,1
2010,2
2010,1
2010,1
2010,3
2010,2
2010,1
2010,2
2010,1
2010,3
2010,2
2010,1
2010,1
2010,2
2010,1
2010,1
2010,2
2010,1
2010,1
2010,1
2010,1
2010,2
2010,3
2010,1
2010,1
2010,1
2010,1
2010,1
2010,1
2010,1
2010,2
2010,1
2010,1
2010,1
2010,1
2010,1
2010,1
2010,3
2010,1
2010,1
2010,4
2010,1
2010,1
2010,2
2010,1
2010,3
2010,1
2010,1
2010,2
2010,1
2010,1
2010,1
2010,1
2010,3
2010,1
2010,4
2010,1
2010,2
2010,1
2010,2
2010,1
2010,1
2010,1
2010,1
2010,1
2010,2
2010,1
2010,1
2010,1
2010,2
2010,1
2010,2
2010,1
2010,5
2010,2
2010,5
2010,1
2010,1
2010,2
2010,2
2010,1
2010,2
2010,2
2010,1
2010,1
2010,2
2010,1
2010,2
2010,3
2010,2
2010,1
2010,1
2010,2
2010,3
2010,3
2010,1
2010,1
2010,1
2010,1
2010,1
2010,1
2010,1
2010,1
2010,1
2010,1
2010,1
2010,1
2010,1
2010,3
2010,1
2010,3
2010,2
2011,11
2011,2
2011,1
2011,1
2011,2
2011,2
2011,1
2011,2
2011,1
2011,1
2011,2
2011,1
2011,2
2011,2
2011,1
2011,2
2011,2
2011,1
2011,3
2011,2
2011,5
2011,1
2011,2
2011,1
2011,2
2011,1
2011,2
2011,1
2011,2
2011,3
2011,2
2011,5
2011,1
2011,2
2011,3
2011,3
2011,1
2011,1
2011,1
2011,3
2011,4
2011,1
2011,2
2011,4
2011,1
2011,1
2011,1
2011,2
2011,1
2011,1
2011,1
2011,2
2011,1
2011,1
2011,1
2011,2
2011,2
2011,2
2011,3
2011,4
2011,1
2011,2
2011,1
2011,4
2011,1
2011,3
2011,2
2011,3
2011,1
2011,1
2011,3
2011,1
2011,2
2011,2
2011,2
2011,2
2011,2
2011,3
2011,1
2011,2
2011,1
2011,3
2011,1
2011,1
2011,2
2011,1
2011,2
2011,1
2011,1
2011,1
2011,1
2011,2
2011,1
2011,2
2011,1
2011,3
2011,2
2011,1
2011,1
2011,2
2011,2
2011,1
2011,1
2011,1
2011,2
2011,2
2011,3
2011,3
2011,2
2011,2
2011,1
2011,1
2011,1
2011,1
2011,1
2011,1
2011,1
2011,2
2011,4
2011,1
2011,1
2011,1
2011,5
2011,2
2011,2
2011,2
2011,2
2011,1
2011,4
2011,5
2011,1
2011,1
2011,1
2011,3
2011,2
2011,1
2011,1
2011,4
2011,2
2011,1
2011,2
2011,1
2011,1
2011,3
2011,2
2011,2
2011,1
2011,1
2011,1
2011,1
2011,1
2011,1
2011,1
2011,1
2011,1
2011,1
2011,4
2011,2
2011,1
2011,1
2011,3
2011,1
2011,1
2011,3
2011,2
2011,2
2011,1
2011,1
2011,3
2011,3
2011,1
2011,1
2011,1
2011,2
2011,1
2011,1
2011,2
2011,1
2011,3
2011,1
2011,1
2011,1
2011,2
2011,2
2011,2
2011,1
2011,2
2011,1
2011,2
2011,3
2011,1
2011,2
2011,1
2011,3
2011,2
2011,6
2011,3
2011,3
2011,2
2011,1
2011,1
2011,2
2011,1
2011,1
2011,1
2011,4
2011,1
2011,2
2011,1
2011,3
2011,1
2011,2
2011,2
2011,1
2011,3
2011,1
2011,2
2011,1
2011,1
2011,1
2011,1
2011,3
2011,1
2011,2
2011,1
2011,1
2011,1
2011,1
2011,1
2011,1
2011,1
2011,1
2011,2
2011,2
2011,2
2011,2
2011,1
2011,1
2011,2
2011,1
2011,1
2011,2
2011,1
2011,2
2011,1
2011,1
2011,1
2011,2
2011,1
2011,1
2012,7
2012,3
2012,5
2012,1
2012,1
2012,2
2012,2
2012,1
2012,1
2012,2
2012,1
2012,1
2012,1
2012,1
2012,2
2012,1
2012,1
2012,1
2012,1
2012,3
2012,4
2012,3
2012,1
2012,1
2012,2
2012,1
2012,4
2012,2
2012,1
2012,5
2012,2
2012,1
2012,4
2012,1
2012,4
2012,2
2012,1
2012,1
2012,1
2012,4
2012,3
2012,2
2012,3
2012,1
2012,1
2012,1
2012,1
2012,1
2012,2
2012,1
2012,2
2012,1
2012,1
2012,3
2012,1
2012,1
2012,2
2012,3
2012,2
2012,1
2012,2
2012,1
2012,1
2012,2
2012,1
2012,1
2012,1
2012,1
2012,1
2012,1
2012,1
2012,2
2012,1
2012,1
2012,1
2012,1
2012,1
2012,1
2012,1
2012,2
2012,1
2012,1
2012,2
2012,2
2012,1
2012,1
2012,1
2012,3
2012,2
2012,4
2012,2
2012,1
2012,1
2012,2
2012,1
2012,1
2012,1
2012,2
2012,1
2012,3
2012,2
2012,1
2012,1
2012,5
2012,1
2012,3
2012,1
2012,1
2012,1
2012,4
2012,1
2012,1
2012,2
2012,2
2012,1
2012,1
2012,2
2012,1
2012,3
2012,2
2012,1
2012,2
2012,2
2012,1
2012,1
2012,1
2012,1
2012,4
2012,2
2012,1
2012,4
2012,2
2012,1
2012,1
2012,3
2012,1
2012,1
2012,1
2012,1
2012,1
2012,1
2012,3
2012,1
2012,1
2012,1
2012,1
2012,2
2012,1
2012,1
2012,1
2012,1
2012,4
2012,1
2012,1
2012,1
2012,1
2012,2
2012,2
2012,3
2012,2
2012,1
2012,2
2012,1
2012,1
2012,1
2012,1
2012,1
2012,1
2012,1
2012,1
2012,1
2012,2
2012,3
2012,4
2012,3
2012,2
2012,2
2012,2
2012,3
2012,2
2012,3
2012,2
2012,3
2012,1
2012,1
2012,2
2012,1
2012,1
2012,2
2012,1
2012,2
2012,1
2012,1
2012,1
2012,1
2012,1
2012,1
2012,1
2012,1
2012,1
2012,1
2012,3
2012,1
2012,2
2012,2
2012,4
2012,1
2012,1
2012,1
2012,2
2012,2
2012,1
2012,2
2012,2
2012,2
2012,1
2012,4
2012,3
2012,2
2012,3
2012,3
2012,1
2012,2
2012,2
2012,4
2012,1
2012,1
2012,1
2012,1
2012,1
2012,1
2012,1
2012,1
2012,2
2012,1
2012,2
2012,3
2012,1
2012,1
2012,2
2012,2
2012,3
2012,1
2012,1
2012,1
2013,3
2013,2
2013,2
2013,2
2013,3
2013,1
2013,3
2013,1
2013,2
2013,1
2013,3
2013,2
2013,2
2013,1
2013,2
2013,1
2013,3
2013,2
2013,1
2013,2
2013,1
2013,2
2013,2
2013,2
2013,1
2013,1
2013,2
2013,1
2013,4
2013,1
2013,3
2013,2
2013,1
2013,1
2013,2
2013,1
2013,2
2013,3
2013,1
2013,1
2013,1
2013,2
2013,3
2013,2
2013,1
2013,1
2013,3
2013,3
2013,1
2013,1
2013,1
2013,1
2013,3
2013,1
2013,4
2013,1
2013,1
2013,3
2013,3
2013,2
2013,1
2013,2
2013,1
2013,1
2013,3
2013,1
2013,1
2013,1
2013,2
2013,4
2013,2
2013,2
2013,1
2013,3
2013,4
2013,1
2013,1
2013,4
2013,2
2013,1
2013,2
2013,1
2013,1
2013,1
2013,4
2013,3
2013,2
2013,1
2013,2
2013,3
2013,4
2013,3
2013,3
2013,4
2013,1
2013,1
2013,2
2013,3
2013,2
2013,1
2013,1
2013,2
2013,2
2013,1
2013,3
2013,4
2013,2
2013,2
2013,1
2013,1
2013,3
2013,3
2013,2
2013,2
2013,3
2013,2
2013,4
2013,4
2013,1
2013,2
2013,1
2013,1
2013,3
2013,1
2013,1
2013,1
2013,1
2013,1
2013,2
2013,8
2013,1
2013,2
2013,3
2013,2
2013,1
2013,1
2013,2
2013,1
2013,2
2013,2
2013,2
2013,3
2013,1
2013,3
2013,1
2013,4
2013,2
2013,2
2013,2
2013,5
2013,1
2013,1
2013,3
2013,2
2013,1
2013,3
2013,3
2013,2
2013,1
2013,2
2013,2
2013,1
2013,1
2013,1
2013,2
2013,1
2013,1
2013,3
2013,1
2013,2
2013,1
2013,7
2013,4
2013,1
2013,3
2013,1
2013,2
2013,2
2013,1
2013,1
2013,3
2013,2
2013,1
2013,1
2013,1
2013,2
2013,3
2013,2
2013,1
2013,1
2013,1
2013,2
2013,2
2013,3
2013,3
2013,1
2013,2
2013,1
2013,3
2013,5
2013,2
2013,1
2013,2
2013,3
2013,2
2013,1
2013,1
2013,2
2013,1
2013,2
2013,1
2013,2
2013,3
2013,2
2013,1
2013,1
2013,1
2013,1
2013,2
2013,1
2013,1
2013,1
2013,4
2013,1
2013,2
2013,3
2013,1
2013,1
2013,2
2013,1
2013,2
2013,2
2013,3
2013,3
2013,1
2013,1
2013,1
2013,4
2013,1
2013,1
2013,1
2013,2
2013,2
2013,2
2013,2
2013,3
2013,3
2013,2
2013,1
2013,1
2013,1
2013,2
2013,1
2013,1
2013,2
2013,1
2013,1
2013,1
2013,2
2013,2
2013,2
2013,1
2013,1
2013,4
2013,2
2013,3
2013,2
2013,4
2013,1
2013,1
2014,3
2014,2
2014,4
2014,2
2014,5
2014,3
2014,4
2014,3
2014,3
2014,1
2014,3
2014,1
2014,2
2014,1
2014,3
2014,1
2014,1
2014,1
2014,3
2014,2
2014,1
2014,1
2014,2
2014,2
2014,2
2014,1
2014,2
2014,1
2014,2
2014,2
2014,1
2014,1
2014,3
2014,2
2014,1
2014,1
2014,4
2014,1
2014,1
2014,2
2014,3
2014,2
2014,1
2014,1
2014,2
2014,6
2014,2
2014,3
2014,1
2014,2
2014,2
2014,1
2014,2
2014,1
2014,1
2014,1
2014,1
2014,1
2014,7
2014,1
2014,1
2014,2
2014,6
2014,3
2014,1
2014,3
2014,1
2014,1
2014,1
2014,1
2014,4
2014,2
2014,1
2014,1
2014,2
2014,1
2014,1
2014,2
2014,1
2014,1
2014,2
2014,2
2014,2
2014,3
2014,3
2014,2
2014,6
2014,1
2014,3
2014,2
2014,2
2014,1
2014,3
2014,3
2014,3
2014,1
2014,1
2014,2
2014,3
2014,2
2014,3
2014,1
2014,1
2014,1
2014,2
2014,2
2014,1
2014,1
2014,1
2014,3
2014,1
2014,1
2014,2
2014,1
2014,2
2014,1
2014,1
2014,2
2014,1
2014,1
2014,2
2014,4
2014,2
2014,1
2014,1
2014,1
2014,2
2014,1
2014,4
2014,1
2014,4
2014,1
2014,3
2014,1
2014,2
2014,2
2014,1
2014,3
2014,5
2014,1
2014,1
2014,1
2014,1
2014,2
2014,1
2014,1
2014,3
2014,2
2014,2
2014,1
2014,1
2014,2
2014,2
2014,1
2014,3
2014,2
2014,4
2014,2
2014,1
2014,1
2014,1
2014,2
2014,1
2014,3
2014,3
2014,3
2014,2
2014,2
2014,2
2014,1
2014,3
2014,1
2014,3
2014,1
2014,4
2014,1
2014,1
2014,2
2014,2
2014,4
2014,1
2014,1
2014,2
2014,4
2014,1
2014,1
2014,1
2014,1
2014,2
2014,1
2014,2
2014,2
2014,2
2014,1
2014,1
2014,2
2014,1
2014,5
2014,1
2014,1
2014,1
2014,3
2014,1
2014,1
2014,3
2014,2
2014,3
2014,1
2014,1
2014,4
2014,4
2014,1
2014,1
2014,4
2014,1
2014,1
2014,1
2014,2
2014,3
2014,3
2014,3
2014,4
2014,2
2014,1
2014,2
2014,1
2014,2
2014,1
2014,1
2014,1
2014,1
2014,1
2014,2
2014,2
2014,3
2014,1
2014,2
2014,1
2014,1
2014,2
2014,2
2014,2
2014,1
2014,6
2014,1
2014,6
2014,2
2014,1
2014,1
2014,1
2015,2
2015,2
2015,1
2015,1
2015,2
2015,3
2015,5
2015,2
2015,1
2015,1
2015,2
2015,2
2015,2
2015,2
2015,3
2015,1
2015,1
2015,1
2015,1
2015,3
2015,3
2015,2
2015,1
2015,3
2015,2
2015,1
2015,7
2015,1
2015,2
2015,2
2015,1
2015,1
2015,2
2015,1
2015,2
2015,3
2015,1
2015,1
2015,1
2015,1
2015,1
2015,1
2015,1
2015,1
2015,1
2015,2
2015,1
2015,1
2015,2
2015,2
2015,1
2015,1
2015,2
2015,1
2015,1
2015,2
2015,3
2015,1
2015,2
2015,2
2015,1
2015,1
2015,1
2015,1
2015,1
2015,2
2015,2
2015,4
2015,2
2015,4
2015,2
2015,1
2015,5
2015,1
2015,2
2015,1
2015,1
2015,2
2015,2
2015,1
2015,1
2015,2
2015,2
2015,1
2015,1
2015,2
2015,4
2015,2
2015,2
2015,1
2015,1
2015,1
2015,1
2015,2
2015,2
2015,3
2015,1
2015,3
2015,1
2015,1
2015,2
2015,1
2015,1
2015,4
2015,3
2015,1
2015,2
2015,1
2015,2
2015,2
2015,1
2015,1
2015,4
2015,2
2015,1
2015,1
2015,3
2015,1
2015,4
2015,3
2015,2
2015,1
2015,2
2015,3
2015,3
2015,1
2015,2
2015,1
2015,1
2015,2
2015,2
2015,2
2015,1
2015,2
2015,2
2015,2
2015,1
2015,2
2015,5
2015,1
2015,2
2015,1
2015,1
2015,1
2015,2
2015,1
2015,2
2015,1
2015,2
2015,1
2015,1
2015,1
2015,1
2015,2
2015,1
2015,3
2015,1
2015,3
2015,2
2015,2
2015,1
2015,3
2015,2
2015,4
2015,2
2015,1
2015,4
2015,3
2015,1
2015,1
2015,4
2015,2
2015,2
2015,1
2015,2
2015,1
2015,3
2015,3
2015,2
2015,2
2015,1
2015,4
2015,1
2015,2
2015,2
2015,1
2015,1
2015,2
2015,3
2015,2
2015,2
2015,1
2015,2
2015,3
2015,2
2015,3
2015,1
2015,2
2015,1
2015,1
2015,1
2015,4
2015,2
2015,1
2015,1
2015,2
2015,1
2015,3
2015,1
2015,1
2015,1
2015,1
2015,1
2015,2
2015,3
2015,1
2015,3
2015,2
2015,1
2015,2
2015,2
2015,1
2015,3
2015,1
2015,1
2015,3
2015,2
2015,4
2015,1
2015,1
2015,2
2015,2
2015,1
2015,4
2015,1
2015,3
2015,1
2015,1
2015,1
2015,3
2015,1
2015,2
2015,2
2015,1
2015,3
2015,1
2015,1
2015,5
2015,1
2015,1
2015,1
2015,1
2015,1
2015,1
2015,3
2015,3
2016,2
2016,3
2016,2
2016,2
2016,1
2016,2
2016,3
2016,1
2016,1
2016,4
2016,1
2016,1
2016,2
2016,1
2016,1
2016,1
2016,1
2016,1
2016,1
2016,2
2016,1
2016,2
2016,3
2016,1
2016,3
2016,2
2016,6
2016,2
2016,2
2016,3
2016,1
2016,2
2016,1
2016,1
2016,2
2016,4
2016,2
2016,1
2016,1
2016,1
2016,3
2016,3
2016,1
2016,2
2016,1
2016,2
2016,2
2016,1
2016,1
2016,2
2016,2
2016,2
2016,1
2016,1
2016,2
2016,1
2016,5
2016,1
2016,1
2016,2
2016,2
2016,2
2016,1
2016,5
2016,2
2016,2
2016,1
2016,1
2016,1
2016,2
2016,1
2016,1
2016,2
2016,1
2016,1
2016,1
2016,4
2016,3
2016,1
2016,1
2016,2
2016,2
2016,1
2016,1
2016,1
2016,1
2016,1
2016,1
2016,1
2016,3
2016,1
2016,1
2016,2
2016,5
2016,1
2016,4
2016,2
2016,2
2016,2
2016,1
2016,8
2016,2
2016,1
2016,4
2016,1
2016,2
2016,1
2016,1
2016,1
2016,2
2016,1
2016,1
2016,2
2016,1
2016,3
2016,1
2016,1
2016,1
2016,2
2016,3
2016,3
2016,2
2016,1
2016,2
2016,1
2016,2
2016,1
2016,4
2016,3
2016,4
2016,1
2016,1
2016,1
2016,2
2016,1
2016,1
2016,1
2016,2
2016,2
2016,1
2016,2
2016,1
2016,2
2016,2
2016,1
2016,2
2016,2
2016,2
2016,1
2016,1
2016,3
2016,1
2016,2
2016,1
2016,3
2016,1
2016,4
2016,1
2016,1
2016,1
2016,3
2016,2
2016,1
2016,4
2016,1
2016,2
2016,1
2016,3
2016,2
2016,2
2016,2
2016,1
2016,2
2016,1
2016,1
2016,2
2016,4
2016,1
2016,1
2016,2
2016,2
2016,1
2016,2
2016,4
2016,1
2016,2
2016,2
2016,1
2016,2
2016,1
2016,1
2016,2
2016,1
2016,2
2016,1
2016,1
2016,2
2016,2
2016,2
2016,2
2016,1
2016,3
2016,1
2016,1
2016,2
2016,2
2016,1
2016,2
2016,3
2016,2
2016,2
2016,2
2016,1
2016,4
2016,2
2016,2
2016,2
2016,4
2016,2
2016,3
2016,1
2016,2
2016,1
2016,1
2016,1
2016,2
2016,1
2016,1
2016,3
2016,2
2016,1
2016,3
2016,1
2016,1
2016,1
2016,2
2016,1
2016,2
2016,1
2016,1
2016,1
2016,1
2016,1
2016,3
2016,3
2016,2
2016,2
2016,1
2016,3
2016,2
2016,1
2016,2
2016,1
2017,1
2017,2
2017,2
2017,2
2017,2
2017,1
2017,2
2017,1
2017,2
2017,4
2017,3
2017,1
2017,5
2017,2
2017,1
2017,2
2017,1
2017,1
2017,2
2017,3
2017,1
2017,1
2017,2
2017,1
2017,1
2017,1
2017,1
2017,1
2017,1
2017,1
2017,2
2017,2
2017,2
2017,1
2017,4
2017,1
2017,1
2017,1
2017,1
2017,4
2017,3
2017,2
2017,4
2017,1
2017,4
2017,1
2017,1
2017,2
2017,2
2017,4
2017,3
2017,2
2017,1
2017,1
2017,1
2017,4
2017,2
2017,2
2017,1
2017,4
2017,3
2017,3
2017,2
2017,1
2017,1
2017,1
2017,4
2017,3
2017,3
2017,2
2017,1
2017,2
2017,1
2017,3
2017,1
2017,3
2017,3
2017,3
2017,3
2017,2
2017,2
2017,2
2017,4
2017,2
2017,1
2017,1
2017,2
2017,1
2017,1
2017,3
2017,1
2017,2
2017,1
2017,2
2017,4
2017,2
2017,3
2017,1
2017,6
2017,2
2017,2
2017,2
2017,1
2017,3
2017,7
2017,4
2017,2
2017,1
2017,2
2017,2
2017,2
2017,2
2017,3
2017,2
2017,1
2017,1
2017,3
2017,2
2017,2
2017,1
2017,3
2017,3
2017,4
2017,1
2017,1
2017,2
2017,4
2017,2
2017,1
2017,4
2017,1
2017,2
2017,3
2017,2
2017,2
2017,1
2017,1
2017,2
2017,2
2017,2
2017,4
2017,3
2017,3
2017,5
2017,3
2017,4
2017,2
2017,2
2017,2
2017,3
2017,3
2017,4
2017,3
2017,2
2017,1
2017,2
2017,2
2017,2
2017,1
2017,3
2017,2
2017,4
2017,1
2017,1
2017,2
2017,4
2017,2
2017,2
2017,1
2017,1
2017,1
2017,3
2017,2
2017,1
2017,2
2017,1
2017,3
2017,1
2017,1
2017,2
2017,4
2017,4
2017,2
2017,1
2017,3
2017,1
2017,3
2017,3
2017,1
2017,1
2017,1
2017,1
2017,2
2017,2
2017,3
2017,7
2017,2
2017,2
2017,1
2017,2
2017,1
2017,2
2017,3
2017,2
2017,5
2017,1
2017,2
2017,1
2017,2
2017,1
2017,1
2017,1
2017,2
2017,2
2017,2
2017,1
2017,3
2017,1
2017,1
2017,3
2017,4
2017,3
2017,2
2017,2
2017,4
2017,2
2017,1
2017,4
2017,1
2017,1
2017,3
2017,1
2017,4
2017,1
2017,3
2017,2
2017,1
2017,2
2017,2
2017,1
2017,2
2017,2
2017,2
2017,1
2017,3
2017,2
2017,2
2017,1
2017,3
2017,2
2017,2
2017,4
2017,4
2017,1
2017,1
2017,1
2017,1
2017,3
2017,1
2017,1
2017,1
2017,1
2017,1
2017,1
2017,2
2017,1
2017,1
2017,1
2017,4
2017,3
2017,4
2017,4
2017,1
2017,1
2017,4
2017,1
2017,5
2017,3
2017,1
2017,3
2017,3
2017,1
2017,2
2017,2
2017,4
2017,1
2017,2
2017,2
2017,2
2017,1
2018,1
2018,1
2018,4
2018,2
2018,1
2018,1
2018,1
2018,1
2018,1
2018,2
2018,1
2018,5
2018,3
2018,3
2018,2
2018,2
2018,1
2018,1
2018,3
2018,4
2018,4
2018,4
2018,2
2018,1
2018,1
2018,1
2018,1
2018,2
2018,3
2018,2
2018,1
2018,3
2018,3
2018,5
2018,1
2018,1
2018,1
2018,4
2018,4
2018,1
2018,1
2018,3
2018,2
2018,2
2018,5
2018,1
2018,2
2018,6
2018,2
2018,4
2018,1
2018,2
2018,3
2018,1
2018,1
2018,2
2018,5
2018,2
2018,2
2018,3
2018,3
2018,1
2018,1
2018,4
2018,4
2018,1
2018,1
2018,4
2018,1
2018,2
2018,1
2018,3
2018,4
2018,1
2018,2
2018,3
2018,2
2018,3
2018,1
2018,2
2018,2
2018,3
2018,3
2018,2
2018,1
2018,1
2018,3
2018,2
2018,2
2018,3
2018,5
2018,2
2018,1
2018,4
2018,2
2018,1
2018,3
2018,1
2018,5
2018,3
2018,2
2018,3
2018,1
2018,1
2018,6
2018,2
2018,1
2018,3
2018,2
2018,3
2018,2
2018,1
2018,2
2018,6
2018,5
2018,5
2018,2
2018,3
2018,4
2018,2
2018,1
2018,3
2018,6
2018,2
2018,7
2018,6
2018,2
2018,2
2018,1
2018,1
2018,1
2018,2
2018,3
2018,5
2018,1
2018,3
2018,2
2018,1
2018,1
2018,1
2018,4
2018,1
2018,2
2018,2
2018,2
2018,2
2018,1
2018,1
2018,6
2018,2
2018,1
2018,2
2018,4
2018,2
2018,1
2018,7
2018,2
2018,3
2018,5
2018,1
2018,3
2018,2
2018,2
2018,2
2018,1
2018,4
2018,6
2018,5
2018,2
2018,2
2018,2
2018,3
2018,1
2018,5
2018,2
2018,1
2018,1
2018,3
2018,2
2018,1
2018,1
2018,2
2018,1
2018,3
2018,1
2018,4
2018,2
2018,5
2018,3
2018,2
2018,5
2018,1
2018,3
2018,2
2018,4
2018,2
2018,3
2018,1
2018,1
2018,1
2018,2
2018,7
2018,3
2018,2
2018,3
2018,1
2018,2
2018,3
2018,4
2018,3
2018,2
2018,3
2018,3
2018,2
2018,1
2018,1
2018,3
2018,1
2018,4
2018,2
2018,2
2018,1
2018,1
2018,1
2018,2
2018,1
2018,2
2018,1
2018,1
2018,2
2018,4
2018,1
2018,4
2018,3
2018,1
2018,2
2018,3
2018,2
2018,3
2018,1
2018,3
2018,2
2018,3
2018,1
2018,3
2018,2
2018,4
2018,4
2018,3
2018,3
2018,5
2018,1
2018,4
2018,2
2018,2
2018,5
2018,2
2018,3
2018,1
2018,1
2018,3
2018,3
2018,4
2018,2
2018,2
2018,2
2018,2
2018,2
2018,1
2018,1
2018,1
2018,3
2018,1
2018,2
2018,3
2018,1
2018,1
2018,1
2018,1
2018,3
2018,2
2018,3
2018,4
2018,3
2019,4
2019,2
2019,1
2019,1
2019,1
2019,2
2019,6
2019,4
2019,1
2019,1
2019,3
2019,1
2019,1
2019,1
2019,2
2019,3
2019,3
2019,3
2019,2
2019,6
2019,2
2019,1
2019,1
2019,1
2019,4
2019,4
2019,4
2019,4
2019,2
2019,6
2019,4
2019,1
2019,1
2019,3
2019,3
2019,3
2019,1
2019,5
2019,3
2019,3
2019,2
2019,1
2019,4
2019,1
2019,5
2019,6
2019,2
2019,1
2019,2
2019,3
2019,6
2019,3
2019,2
2019,1
2019,3
2019,1
2019,3
2019,2
2019,2
2019,3
2019,1
2019,2
2019,1
2019,1
2019,4
2019,1
2019,3
2019,3
2019,5
2019,2
2019,4
2019,3
2019,1
2019,1
2019,1
2019,3
2019,1
2019,4
2019,1
2019,3
2019,5
2019,3
2019,4
2019,2
2019,4
2019,1
2019,1
2019,4
2019,2
2019,1
2019,1
2019,3
2019,4
2019,1
2019,1
2019,6
2019,1
2019,1
2019,1
2019,4
2019,1
2019,1
2019,5
2019,2
2019,4
2019,3
2019,2
2019,2
2019,2
2019,1
2019,1
2019,1
2019,4
2019,8
2019,2
2019,5
2019,2
2019,1
2019,1
2019,5
2019,1
2019,2
2019,3
2019,1
2019,1
2019,1
2019,2
2019,2
2019,2
2019,1
2019,1
2019,1
2019,2
2019,2
2019,2
2019,3
2019,2
2019,1
2019,3
2019,6
2019,1
2019,2
2019,2
2019,2
2019,1
2019,1
2019,3
2019,2
2019,3
2019,2
2019,3
2019,2
2019,3
2019,1
2019,2
2019,2
2019,1
2019,3
2019,6
2019,4
2019,3
2019,3
2019,4
2019,4
2019,1
2019,5
2019,2
2019,1
2019,1
2019,1
2019,2
2019,3
2019,2
2019,1
2019,5
2019,3
2019,1
2019,2
2019,4
2019,1
2019,2
2019,1
2019,2
2019,2
2019,1
2019,2
2019,2
2019,1
2019,1
2019,1
2019,1
2019,2
2019,2
2019,3
2019,1
2019,2
2019,6
2019,1
2019,3
2019,1
2019,1
2019,2
2019,2
2019,2
2019,2
2019,2
2019,2
2019,3
2019,2
2019,1
2019,3
2019,1
2019,2
2019,1
2019,2
2019,2
2019,1
2019,1
2019,1
2019,2
2019,1
2019,1
2019,2
2019,2
2019,4
2019,1
2019,5
2019,2
2019,4
2019,3
2019,3
2019,1
2019,8
2019,1
2019,2
2019,2
2019,2
2019,3
2019,1
2019,3
2019,3
2019,2
2019,1
2019,2
2019,6
2019,2
2019,1
2019,2
2019,1
2019,1
2019,1
2019,1
2019,3
2019,2
2019,2
2019,3
2019,2
2019,5
2019,4
2019,3
2019,1
2019,1
2019,1
2019,2
2019,3
2019,3
2019,3
2019,2
2019,1
2019,6
2019,3
2019,1
2019,1
2019,2
2019,1
2019,1
2019,1
2019,3
2019,1
2019,3
2019,2
2019,1
2019,3
2019,4
2019,3
2019,2
2019,1
2019,1
2019,1
2019,2
2020,3
2020,3
2020,1
2020,3
2020,2
2020,4
2020,5
2020,2
2020,1
2020,1
2020,3
2020,1
2020,1
2020,4
2020,2
2020,4
2020,4
2020,1
2020,1
2020,1
2020,3
2020,1
2020,5
2020,2
2020,3
2020,2
2020,3
2020,3
2020,1
2020,2
2020,3
2020,3
2020,4
2020,4
2020,1
2020,1
2020,2
2020,2
2020,5
2020,3
2020,3
2020,4
2020,1
2020,1
2020,3
2020,2
2020,6
2020,2
2020,4
2020,1
2020,1
2020,4
2020,4
2020,4
2020,4
2020,2
2020,2
2020,3
2020,3
2020,2
2020,4
2020,3
2020,1
2020,3
2020,2
2020,1
