Year,Month,NewCasesOfAnxietyDisorders
1900,1,113
1907,1,1
1911,7,1
1949,1,1
1953,1,3
1953,4,1
1953,10,1
1953,11,1
1954,1,3
1954,10,1
1955,7,1
1956,1,1
1957,7,1
1957,8,1
1957,12,2
1958,1,1
1958,8,1
1959,1,1
1959,11,1
1960,1,1
1960,5,1
1960,7,1
1961,1,1
1961,7,1
1961,9,2
1961,12,1
1962,1,5
1962,4,1
1962,7,1
1962,10,1
1962,12,1
1963,1,4
1963,4,1
1964,1,4
1964,2,1
1964,6,1
1965,1,1
1965,6,1
1965,8,1
1965,9,1
1965,10,1
1965,12,2
1966,1,3
1966,3,1
1966,6,1
1966,10,1
1967,1,8
1967,2,1
1967,3,4
1967,5,2
1967,9,1
1967,11,1
1968,1,6
1968,5,1
1968,6,1
1968,8,2
1968,9,1
1968,10,2
1969,1,6
1969,2,1
1969,3,1
1969,4,2
1969,6,2
1969,7,3
1969,8,2
1969,11,1
1969,12,1
1970,1,12
1970,2,1
1970,6,2
1970,7,2
1970,8,2
1970,10,2
1970,11,2
1971,1,7
1971,2,2
1971,3,4
1971,5,1
1971,7,3
1971,9,1
1971,10,1
1971,12,5
1972,1,9
1972,2,1
1972,3,1
1972,4,1
1972,5,2
1972,6,1
1972,7,1
1972,8,1
1972,9,1
1972,10,5
1972,11,3
1972,12,2
1973,1,11
1973,2,4
1973,3,1
1973,4,2
1973,5,2
1973,6,1
1973,7,1
1973,8,3
1973,9,2
1973,10,2
1973,12,3
1974,1,20
1974,2,1
1974,4,1
1974,5,3
1974,6,2
1974,7,2
1974,8,2
1974,9,1
1974,10,1
1975,1,17
1975,2,2
1975,3,3
1975,4,2
1975,6,3
1975,7,3
1975,8,2
1975,9,1
1975,10,3
1975,11,1
1976,1,23
1976,2,2
1976,3,5
1976,4,1
1976,5,4
1976,6,4
1976,7,4
1976,8,2
1976,9,3
1976,10,6
1976,11,8
1976,12,4
1977,1,11
1977,2,3
1977,3,2
1977,4,2
1977,5,1
1977,7,1
1977,8,2
1977,9,5
1977,10,5
1977,11,1
1978,1,22
1978,2,3
1978,3,4
1978,4,3
1978,5,1
1978,6,3
1978,7,2
1978,8,4
1978,9,5
1978,10,1
1978,11,3
1978,12,4
1979,1,21
1979,2,6
1979,3,7
1979,6,2
1979,7,5
1979,8,4
1979,9,4
1979,10,5
1979,11,4
1979,12,3
1980,1,26
1980,2,3
1980,3,4
1980,4,1
1980,5,1
1980,6,3
1980,7,4
1980,8,1
1980,9,5
1980,10,1
1980,11,1
1980,12,3
1981,1,27
1981,2,2
1981,4,2
1981,5,3
1981,6,4
1981,7,6
1981,8,4
1981,9,4
1981,10,1
1981,11,4
1981,12,1
1982,1,17
1982,3,4
1982,4,4
1982,5,5
1982,6,7
1982,7,3
1982,8,4
1982,9,10
1982,10,5
1982,11,4
1982,12,4
1983,1,21
1983,2,6
1983,3,6
1983,4,2
1983,5,2
1983,6,10
1983,7,1
1983,8,4
1983,9,3
1983,10,3
1983,11,4
1983,12,4
1984,1,27
1984,2,2
1984,3,6
1984,4,8
1984,5,7
1984,6,11
1984,7,6
1984,8,7
1984,9,13
1984,10,6
1984,11,4
1984,12,3
1985,1,40
1985,2,6
1985,3,8
1985,4,2
1985,5,5
1985,6,7
1985,7,8
1985,8,8
1985,9,3
1985,10,6
1985,11,4
1985,12,3
1986,1,45
1986,2,3
1986,3,7
1986,4,8
1986,5,7
1986,6,3
1986,7,8
1986,8,3
1986,9,11
1986,10,8
1986,11,9
1986,12,10
1987,1,33
1987,2,2
1987,3,4
1987,4,7
1987,5,4
1987,6,6
1987,7,4
1987,8,4
1987,9,3
1987,10,9
1987,11,9
1987,12,5
1988,1,37
1988,2,7
1988,3,6
1988,4,8
1988,5,9
1988,6,6
1988,7,5
1988,8,9
1988,9,7
1988,10,5
1988,11,10
1988,12,12
1989,1,35
1989,2,10
1989,3,16
1989,4,7
1989,5,13
1989,6,14
1989,7,18
1989,8,13
1989,9,16
1989,10,25
1989,11,13
1989,12,6
1990,1,65
1990,2,18
1990,3,11
1990,4,15
1990,5,26
1990,6,22
1990,7,16
1990,8,19
1990,9,18
1990,10,22
1990,11,24
1990,12,12
1991,1,67
1991,2,27
1991,3,27
1991,4,24
1991,5,18
1991,6,23
1991,7,26
1991,8,17
1991,9,30
1991,10,30
1991,11,24
1991,12,24
1992,1,65
1992,2,26
1992,3,26
1992,4,31
1992,5,24
1992,6,31
1992,7,25
1992,8,22
1992,9,35
1992,10,17
1992,11,30
1992,12,21
1993,1,70
1993,2,31
1993,3,32
1993,4,30
1993,5,32
1993,6,19
1993,7,17
1993,8,21
1993,9,20
1993,10,36
1993,11,29
1993,12,37
1994,1,90
1994,2,36
1994,3,33
1994,4,37
1994,5,35
1994,6,39
1994,7,34
1994,8,25
1994,9,41
1994,10,44
1994,11,37
1994,12,40
1995,1,96
1995,2,42
1995,3,42
1995,4,41
1995,5,55
1995,6,33
1995,7,31
1995,8,42
1995,9,41
1995,10,38
1995,11,36
1995,12,26
1996,1,105
1996,2,38
1996,3,36
1996,4,28
1996,5,44
1996,6,36
1996,7,53
1996,8,31
1996,9,45
1996,10,44
1996,11,36
1996,12,32
1997,1,105
1997,2,35
1997,3,40
1997,4,38
1997,5,28
1997,6,37
1997,7,47
1997,8,27
1997,9,61
1997,10,42
1997,11,40
1997,12,36
1998,1,112
1998,2,50
1998,3,47
1998,4,42
1998,5,43
1998,6,38
1998,7,57
1998,8,34
1998,9,43
1998,10,50
1998,11,41
1998,12,36
1999,1,113
1999,2,41
1999,3,55
1999,4,69
1999,5,43
1999,6,47
1999,7,56
1999,8,64
1999,9,62
1999,10,54
1999,11,68
1999,12,47
2000,1,125
2000,2,62
2000,3,73
2000,4,54
2000,5,67
2000,6,57
2000,7,66
2000,8,57
2000,9,74
2000,10,59
2000,11,62
2000,12,42
2001,1,106
2001,2,62
2001,3,96
2001,4,59
2001,5,85
2001,6,63
2001,7,87
2001,8,85
2001,9,75
2001,10,88
2001,11,103
2001,12,81
2002,1,136
2002,2,86
2002,3,107
2002,4,89
2002,5,95
2002,6,94
2002,7,113
2002,8,93
2002,9,116
2002,10,110
2002,11,101
2002,12,76
2003,1,242
2003,2,98
2003,3,104
2003,4,84
2003,5,103
2003,6,95
2003,7,96
2003,8,101
2003,9,103
2003,10,116
2003,11,94
2003,12,89
2004,1,159
2004,2,110
2004,3,111
2004,4,97
2004,5,108
2004,6,131
2004,7,114
2004,8,113
2004,9,150
2004,10,113
2004,11,133
2004,12,121
2005,1,150
2005,2,127
2005,3,102
2005,4,158
2005,5,141
2005,6,129
2005,7,105
2005,8,127
2005,9,138
2005,10,150
2005,11,148
2005,12,99
2006,1,142
2006,2,121
2006,3,142
2006,4,116
2006,5,138
2006,6,154
2006,7,146
2006,8,145
2006,9,156
2006,10,136
2006,11,144
2006,12,111
2007,1,188
2007,2,147
2007,3,156
2007,4,109
2007,5,164
2007,6,138
2007,7,158
2007,8,164
2007,9,125
2007,10,164
2007,11,135
2007,12,109
2008,1,176
2008,2,154
2008,3,117
2008,4,142
2008,5,155
2008,6,126
2008,7,138
2008,8,132
2008,9,144
2008,10,158
2008,11,145
2008,12,100
2009,1,182
2009,2,139
2009,3,149
2009,4,147
2009,5,134
2009,6,173
2009,7,154
2009,8,134
2009,9,170
2009,10,125
2009,11,149
2009,12,113
2010,1,172
2010,2,135
2010,3,178
2010,4,155
2010,5,164
2010,6,170
2010,7,168
2010,8,160
2010,9,167
2010,10,146
2010,11,178
2010,12,100
2011,1,191
2011,2,173
2011,3,175
2011,4,143
2011,5,190
2011,6,177
2011,7,152
2011,8,177
2011,9,193
2011,10,178
2011,11,189
2011,12,143
2012,1,225
2012,2,179
2012,3,161
2012,4,162
2012,5,191
2012,6,138
2012,7,163
2012,8,159
2012,9,170
2012,10,167
2012,11,179
2012,12,147
2013,1,235
2013,2,148
2013,3,161
2013,4,173
2013,5,192
2013,6,203
2013,7,161
2013,8,176
2013,9,193
2013,10,212
2013,11,183
2013,12,170
2014,1,260
2014,2,194
2014,3,221
2014,4,183
2014,5,238
2014,6,186
2014,7,225
2014,8,189
2014,9,225
2014,10,256
2014,11,230
2014,12,190
2015,1,259
2015,2,207
2015,3,252
2015,4,198
2015,5,213
2015,6,242
2015,7,217
2015,8,212
2015,9,233
2015,10,255
2015,11,243
2015,12,221
2016,1,291
2016,2,287
2016,3,263
2016,4,274
2016,5,252
2016,6,286
2016,7,258
2016,8,290
2016,9,314
2016,10,305
2016,11,297
2016,12,212
2017,1,337
2017,2,300
2017,3,347
2017,4,285
2017,5,331
2017,6,324
2017,7,277
2017,8,279
2017,9,319
2017,10,374
2017,11,350
2017,12,228
2018,1,338
2018,2,269
2018,3,326
2018,4,335
2018,5,295
2018,6,320
2018,7,315
2018,8,322
2018,9,366
2018,10,425
2018,11,369
2018,12,252
2019,1,388
2019,2,351
2019,3,400
2019,4,336
2019,5,346
2019,6,385
2019,7,352
2019,8,345
2019,9,415
2019,10,453
2019,11,407
2019,12,280
2020,1,344
2020,2,378
2020,3,218
